1015425 1.0 0.333333333333 0.333333333333 0.333333333333 0.666666666667 0.666666666667 1.0 0.333333333333 0.333333333333 0.666666666667
1017122 0.8 1.0 1.0 0.8 0.7 1.0 0.9 0.7 0.1 0.4
1018099 0.1 0.1 0.1 0.1 0.2 1.0 0.3 0.1 0.1 0.2
1033078 1.0 0.5 0.25 0.25 0.5 0.25 0.5 0.25 0.25 0.5
1036172 1.0 0.5 0.5 0.5 1.0 0.5 1.0 0.5 0.5 1.0
1043999 0.333333333333 0.333333333333 0.333333333333 0.333333333333 0.666666666667 1.0 1.0 0.333333333333 0.333333333333 0.666666666667
1044572 0.8 0.7 0.5 1.0 0.7 0.9 0.5 0.5 0.4 0.4
1047630 1.0 0.571428571429 0.857142857143 0.571428571429 0.857142857143 0.142857142857 0.571428571429 0.428571428571 0.142857142857 0.571428571429
1048672 1.0 0.25 0.25 0.25 0.5 0.25 0.5 0.25 0.25 0.5
1050670 1.0 0.7 0.7 0.6 0.4 1.0 0.4 0.1 0.2 0.4
1054590 0.7 0.3 0.2 1.0 0.5 1.0 0.5 0.4 0.4 0.4
1054593 1.0 0.5 0.5 0.3 0.6 0.7 0.7 1.0 0.1 0.4
1056784 1.0 0.333333333333 0.333333333333 0.333333333333 0.666666666667 0.333333333333 0.666666666667 0.333333333333 0.333333333333 0.666666666667
1057013 0.126984126984 0.0634920634921 0.0793650793651 0.015873015873 0.031746031746 1.0 0.111111111111 0.047619047619 0.015873015873 0.0634920634921
1065726 0.714285714286 0.285714285714 0.428571428571 0.571428571429 0.285714285714 1.0 0.428571428571 0.857142857143 0.142857142857 0.571428571429
1066373 1.0 0.666666666667 0.333333333333 0.333333333333 0.333333333333 0.333333333333 0.666666666667 0.333333333333 0.333333333333 0.666666666667
1066979 1.0 0.2 0.2 0.2 0.4 0.2 0.4 0.2 0.2 0.4
1067444 1.0 0.5 0.5 0.5 1.0 0.5 1.0 0.5 0.5 1.0
1070935 0.333333333333 0.333333333333 1.0 0.333333333333 0.666666666667 0.333333333333 0.333333333333 0.333333333333 0.333333333333 0.666666666667
1072179 1.0 0.7 0.7 0.3 0.8 0.5 0.7 0.4 0.3 0.4
1079304 1.0 0.5 0.5 0.5 1.0 0.5 1.0 0.5 0.5 1.0
1080185 1.0 1.0 1.0 0.8 0.6 0.1 0.8 0.9 0.1 0.4
1081791 0.857142857143 0.285714285714 0.142857142857 0.142857142857 0.142857142857 0.142857142857 1.0 0.142857142857 0.142857142857 0.285714285714
1084584 0.5 0.4 0.4 0.9 0.2 1.0 0.5 0.6 0.1 0.4
1091262 0.285714285714 0.714285714286 0.428571428571 0.428571428571 0.857142857143 1.0 1.0 0.714285714286 0.142857142857 0.571428571429
1096800 0.0952380952381 0.0952380952381 0.0952380952381 0.142857142857 0.0952380952381 1.0 0.111111111111 0.126984126984 0.015873015873 0.031746031746
1099510 1.0 0.4 0.3 0.1 0.3 0.3 0.6 0.5 0.2 0.4
1100524 0.6 1.0 1.0 0.2 0.8 1.0 0.7 0.3 0.3 0.4
1102573 0.5 0.6 0.5 0.6 1.0 0.1 0.3 0.1 0.1 0.4
1103608 1.0 1.0 1.0 0.4 0.8 0.1 0.8 1.0 0.1 0.4
1105257 0.333333333333 0.777777777778 0.777777777778 0.444444444444 0.444444444444 1.0 0.444444444444 0.888888888889 0.111111111111 0.444444444444
1105524 0.5 0.5 0.5 0.5 1.0 0.5 1.0 0.5 0.5 1.0
1106095 1.0 0.25 0.25 0.75 0.5 0.25 0.75 0.25 0.25 0.5
1106829 0.875 1.0 0.875 0.25 0.5 1.0 0.375 1.0 0.25 0.5
1108370 1.0 0.555555555556 0.888888888889 0.111111111111 0.222222222222 0.333333333333 0.222222222222 0.111111111111 0.555555555556 0.444444444444
1108449 1.0 0.6 0.6 0.8 0.4 0.8 0.6 0.8 0.2 0.8
1110102 1.0 0.3 0.6 0.2 0.3 0.5 0.4 1.0 0.2 0.4
1110503 0.5 0.5 0.5 0.8 1.0 0.8 0.7 0.3 0.7 0.4
1112209 0.8 1.0 1.0 0.1 0.3 0.6 0.3 0.9 0.1 0.4
1113038 1.0 0.25 0.5 0.125 0.625 0.125 0.625 0.5 0.5 0.5
1113483 0.5 0.2 0.3 0.1 0.6 1.0 0.5 0.1 0.1 0.4
1113906 1.0 0.555555555556 0.555555555556 0.222222222222 0.222222222222 0.222222222222 0.555555555556 0.111111111111 0.111111111111 0.444444444444
1115282 0.5 0.3 0.5 0.5 0.3 0.3 0.4 1.0 0.1 0.4
1115293 0.5 0.5 0.5 0.5 1.0 1.0 1.0 0.5 0.5 1.0
1116132 0.666666666667 0.333333333333 0.444444444444 0.111111111111 0.555555555556 0.222222222222 0.333333333333 1.0 0.111111111111 0.444444444444
1116192 0.5 0.5 0.5 0.5 1.0 0.5 1.0 0.5 0.5 1.0
1116998 1.0 0.4 0.2 0.1 0.3 0.2 0.4 0.3 1.0 0.4
1120559 0.888888888889 0.333333333333 0.888888888889 0.333333333333 0.444444444444 1.0 0.888888888889 1.0 0.888888888889 0.444444444444
1123061 0.6 1.0 0.2 0.8 1.0 0.2 0.7 0.8 1.0 0.4
1126417 1.0 0.6 0.4 0.1 0.3 0.4 0.3 0.2 0.3 0.4
1131294 0.25 0.25 0.5 0.25 0.5 0.5 1.0 0.5 0.25 0.5
1132347 0.25 0.25 1.0 0.25 0.5 0.25 0.5 0.25 0.25 0.5
1136142 0.666666666667 0.333333333333 0.333333333333 0.333333333333 1.0 0.333333333333 0.666666666667 0.333333333333 0.333333333333 0.666666666667
1137156 0.285714285714 0.285714285714 0.285714285714 0.142857142857 0.142857142857 0.142857142857 1.0 0.142857142857 0.142857142857 0.285714285714
1143978 1.0 0.4 0.2 0.2 0.4 0.2 0.6 0.2 0.2 0.4
1147748 0.5 1.0 0.6 0.1 1.0 0.4 0.4 1.0 1.0 0.4
1148278 0.375 0.375 0.75 0.5 0.625 1.0 0.5 0.5 0.125 0.5
1152331 1.0 0.25 0.25 0.25 0.5 0.25 0.75 0.25 0.25 0.5
1156272 0.333333333333 0.333333333333 0.333333333333 0.333333333333 0.666666666667 0.333333333333 1.0 0.333333333333 0.333333333333 0.666666666667
1156948 1.0 0.333333333333 0.333333333333 0.666666666667 0.666666666667 0.333333333333 0.333333333333 0.333333333333 0.333333333333 0.666666666667
1164066 0.333333333333 0.333333333333 0.333333333333 0.333333333333 0.666666666667 0.333333333333 1.0 0.333333333333 0.333333333333 0.666666666667
1165297 1.0 0.5 0.5 1.0 1.0 0.5 0.5 0.5 0.5 1.0
1165926 0.9 0.6 0.9 0.2 1.0 0.6 0.2 0.9 1.0 0.4
1166630 0.7 0.5 0.6 1.0 0.5 1.0 0.7 0.9 0.4 0.4
1168359 1.0 0.25 0.375 0.125 0.75 0.375 0.875 0.125 0.125 0.5
1168736 1.0 1.0 1.0 1.0 1.0 0.1 0.8 0.8 0.8 0.4
1171710 0.333333333333 0.333333333333 0.333333333333 0.333333333333 0.666666666667 0.333333333333 0.666666666667 1.0 0.333333333333 0.666666666667
1171845 0.888888888889 0.666666666667 0.444444444444 0.333333333333 0.555555555556 1.0 0.333333333333 0.111111111111 0.111111111111 0.444444444444
1173216 1.0 1.0 1.0 0.3 1.0 0.8 0.8 0.1 0.1 0.4
1173347 0.2 0.2 0.2 0.2 0.4 1.0 0.2 0.2 0.2 0.4
1173509 0.4 0.5 0.5 1.0 0.4 1.0 0.7 0.5 0.8 0.4
1173681 1.0 0.666666666667 0.333333333333 0.333333333333 0.666666666667 0.666666666667 1.0 0.333333333333 0.333333333333 0.666666666667
1174057 0.333333333333 0.333333333333 0.666666666667 0.666666666667 0.666666666667 0.333333333333 1.0 0.333333333333 0.333333333333 0.666666666667
1174057 1.0 0.5 0.25 0.25 0.5 0.5 0.75 0.25 0.25 0.5
1175937 0.5 0.4 0.6 0.7 0.9 0.7 0.8 1.0 0.1 0.4
1176881 0.7 0.5 0.3 0.7 0.4 1.0 0.7 0.5 0.5 0.4
1177027 1.0 0.333333333333 0.333333333333 0.333333333333 0.666666666667 0.333333333333 1.0 0.333333333333 0.333333333333 0.666666666667
1177399 0.8 0.3 0.5 0.4 0.5 1.0 0.1 0.6 0.2 0.4
1177512 0.1 0.1 0.1 0.1 1.0 0.1 0.1 0.1 0.1 0.2
1178580 1.0 0.2 0.6 0.2 0.4 0.2 0.4 0.2 0.2 0.4
1179818 0.666666666667 0.333333333333 0.333333333333 0.333333333333 0.666666666667 0.333333333333 1.0 0.333333333333 0.333333333333 0.666666666667
1180523 1.0 0.333333333333 0.333333333333 0.333333333333 0.666666666667 0.333333333333 0.666666666667 0.666666666667 0.333333333333 0.666666666667
1180831 1.0 0.333333333333 0.333333333333 0.333333333333 1.0 0.333333333333 0.666666666667 0.333333333333 0.333333333333 0.666666666667
1181356 1.0 0.2 0.2 0.2 0.4 0.4 0.6 0.6 0.2 0.4
1183240 1.0 0.25 0.5 0.25 0.5 0.25 0.5 0.25 0.25 0.5
1184184 0.2 0.2 0.2 0.2 0.4 1.0 0.2 0.2 0.2 0.4
1184241 1.0 0.5 0.5 0.5 1.0 0.5 1.0 0.5 0.5 1.0
1184840 0.015873015873 0.015873015873 0.047619047619 0.015873015873 0.031746031746 1.0 0.031746031746 0.015873015873 0.015873015873 0.031746031746
1187457 0.375 0.125 0.125 0.375 1.0 0.125 0.625 1.0 0.125 0.25
1187805 0.8 0.8 0.7 0.4 1.0 1.0 0.7 0.8 0.7 0.4
1189266 0.7 0.2 0.4 0.1 0.6 1.0 0.5 0.4 0.3 0.4
1190394 1.0 0.25 0.25 0.25 0.5 0.75 0.25 0.25 0.25 0.5
1190485 0.5 0.5 0.5 0.5 1.0 0.5 0.5 0.5 0.5 1.0
1192325 0.5 0.5 0.5 0.6 0.3 1.0 0.3 0.1 0.1 0.4
1193210 0.666666666667 0.333333333333 0.333333333333 0.333333333333 0.666666666667 0.333333333333 1.0 0.333333333333 0.333333333333 0.666666666667
1193683 0.015873015873 0.015873015873 0.031746031746 0.015873015873 0.047619047619 1.0 0.015873015873 0.015873015873 0.015873015873 0.031746031746
1196295 0.9 0.9 1.0 0.3 0.6 1.0 0.7 1.0 0.6 0.4
1196915 1.0 0.7 0.7 0.4 0.5 1.0 0.5 0.7 0.2 0.4
1197080 1.0 0.25 0.25 0.25 0.5 0.25 0.75 0.5 0.25 0.5
1197440 0.142857142857 0.142857142857 0.142857142857 0.285714285714 0.142857142857 0.428571428571 0.142857142857 0.142857142857 1.0 0.285714285714
1197510 0.0793650793651 0.015873015873 0.015873015873 0.015873015873 0.031746031746 1.0 0.047619047619 0.015873015873 0.015873015873 0.031746031746
1197979 1.0 0.25 0.25 0.25 0.5 0.5 0.75 0.5 0.25 0.5
1198641 1.0 0.333333333333 0.333333333333 0.333333333333 0.666666666667 0.333333333333 1.0 0.333333333333 0.333333333333 0.666666666667
1199219 0.5 0.5 0.5 1.0 0.5 0.5 0.5 0.5 0.5 1.0
1199731 1.0 0.333333333333 0.333333333333 0.333333333333 0.666666666667 0.333333333333 0.333333333333 0.333333333333 0.333333333333 0.666666666667
1199983 0.333333333333 0.333333333333 0.333333333333 0.333333333333 0.666666666667 0.333333333333 1.0 0.333333333333 0.333333333333 0.666666666667
1200772 0.5 0.5 0.5 0.5 1.0 0.5 1.0 0.5 0.5 1.0
1200847 0.6 1.0 1.0 1.0 0.8 1.0 1.0 1.0 0.7 0.4
1201936 0.5 1.0 1.0 0.3 0.8 0.1 0.5 1.0 0.3 0.4
1202125 1.0 0.25 0.25 0.25 0.5 0.25 0.75 0.25 0.25 0.5
1202812 0.5 0.3 0.3 0.3 0.6 1.0 0.3 0.1 0.1 0.4
1203096 0.333333333333 0.333333333333 0.333333333333 0.333333333333 0.333333333333 0.333333333333 1.0 0.333333333333 0.333333333333 0.666666666667
1204242 0.5 0.5 0.5 0.5 1.0 0.5 0.5 0.5 0.5 1.0
1204898 1.0 0.166666666667 0.166666666667 0.166666666667 0.333333333333 0.166666666667 0.5 0.166666666667 0.166666666667 0.333333333333
1205138 0.5 0.8 0.8 0.8 0.5 1.0 0.7 0.8 0.1 0.4
1205579 0.8 0.7 0.6 0.4 0.4 1.0 0.5 0.1 0.1 0.4
1206695 0.1 0.5 0.8 0.6 0.5 0.8 0.7 1.0 0.1 0.4
1207986 0.5 0.8 0.4 1.0 0.5 0.8 0.9 1.0 0.1 0.4
1208301 0.333333333333 0.666666666667 1.0 0.333333333333 0.666666666667 0.333333333333 1.0 0.333333333333 0.333333333333 0.666666666667
1210963 1.0 1.0 1.0 0.8 0.6 0.8 0.7 1.0 0.1 0.4
1212251 0.333333333333 0.333333333333 0.333333333333 0.333333333333 0.666666666667 0.333333333333 1.0 0.333333333333 0.333333333333 0.666666666667
1213375 1.0 0.5 0.5 0.625 0.5 0.875 0.875 1.0 0.25 0.25
1213383 1.0 0.2 0.2 0.8 0.4 0.2 0.6 0.2 0.2 0.4
1214556 1.0 0.333333333333 0.333333333333 0.333333333333 0.666666666667 0.333333333333 0.666666666667 0.333333333333 0.333333333333 0.666666666667
1216694 1.0 0.8 0.8 0.4 1.0 1.0 0.8 0.1 0.1 0.4
1216947 0.333333333333 0.333333333333 0.333333333333 0.333333333333 0.666666666667 0.333333333333 1.0 0.333333333333 0.333333333333 0.666666666667
1218741 1.0 1.0 0.9 0.3 0.7 0.5 0.3 0.5 0.1 0.4
1219406 1.0 0.2 0.2 0.2 0.2 0.2 0.6 0.2 0.2 0.4
1219525 0.8 1.0 1.0 1.0 0.5 1.0 0.8 1.0 0.6 0.4
1221863 1.0 1.0 1.0 1.0 0.7 1.0 0.7 1.0 0.4 0.4
1222936 0.8 0.7 0.8 0.7 0.5 0.5 0.5 1.0 0.2 0.4
1223426 0.333333333333 0.333333333333 0.333333333333 0.333333333333 0.666666666667 0.333333333333 1.0 0.333333333333 0.333333333333 0.666666666667
1223793 0.6 1.0 0.7 0.7 0.6 0.4 0.8 1.0 0.2 0.4
1223967 1.0 0.166666666667 0.5 0.166666666667 0.333333333333 0.166666666667 0.5 0.166666666667 0.166666666667 0.333333333333
1224329 0.333333333333 0.333333333333 0.333333333333 0.666666666667 0.666666666667 0.333333333333 1.0 0.333333333333 0.333333333333 0.666666666667
1225799 1.0 0.6 0.4 0.3 1.0 1.0 0.9 1.0 0.1 0.4
1226012 0.8 0.2 0.2 0.6 0.2 1.0 0.4 0.2 0.2 0.8
1226612 0.875 0.625 0.75 0.375 0.375 1.0 0.875 0.5 0.125 0.5
1227210 1.0 0.5 0.5 0.6 0.3 1.0 0.7 0.9 0.2 0.4
1227481 1.0 0.5 0.7 0.4 0.4 1.0 0.8 0.9 0.1 0.4
1228152 0.888888888889 1.0 1.0 0.555555555556 0.333333333333 0.555555555556 0.777777777778 0.777777777778 0.111111111111 0.444444444444
1230175 1.0 1.0 1.0 0.3 1.0 1.0 0.9 1.0 0.1 0.4
1230688 1.0 0.571428571429 1.0 0.571428571429 0.428571428571 1.0 1.0 0.857142857143 0.142857142857 0.571428571429
1231387 0.666666666667 0.888888888889 0.777777777778 0.555555555556 0.666666666667 0.888888888889 0.888888888889 1.0 0.222222222222 0.444444444444
1231706 1.0 0.5 0.75 0.375 0.375 0.125 0.5 0.375 0.125 0.25
1232225 1.0 0.4 0.5 0.5 0.5 1.0 0.4 0.1 0.1 0.4
1236043 0.5 0.5 0.333333333333 0.166666666667 0.5 0.166666666667 0.5 1.0 0.166666666667 0.333333333333
1241232 0.047619047619 0.015873015873 0.0634920634921 0.015873015873 0.031746031746 1.0 0.047619047619 0.015873015873 0.015873015873 0.031746031746
1241559 1.0 0.8 0.8 0.2 0.8 1.0 0.4 0.8 1.0 0.4
1241679 0.9 0.8 0.8 0.5 0.6 0.2 0.4 1.0 0.4 0.4
1242364 0.8 1.0 1.0 0.8 0.6 0.9 0.3 1.0 1.0 0.4
1270479 1.0 0.2 0.6 0.6 0.4 0.4 0.4 0.6 0.2 0.4
128059 0.2 0.2 0.2 0.2 0.4 1.0 1.0 0.2 0.2 0.4
1287775 1.0 0.2 0.2 0.4 0.4 0.4 0.6 0.2 0.2 0.4
145447 0.888888888889 0.444444444444 0.444444444444 0.111111111111 0.222222222222 1.0 0.333333333333 0.333333333333 0.111111111111 0.444444444444
167528 0.666666666667 0.166666666667 0.166666666667 0.166666666667 0.333333333333 0.166666666667 0.5 1.0 0.166666666667 0.333333333333
169356 0.047619047619 0.015873015873 0.015873015873 0.015873015873 0.031746031746 1.0 0.047619047619 0.015873015873 0.015873015873 0.031746031746
183913 0.5 1.0 1.0 0.5 1.0 0.5 0.5 0.5 0.5 1.0
191250 1.0 0.4 0.4 1.0 0.2 1.0 0.5 0.3 0.3 0.4
1017023 0.6 0.3 0.3 0.5 0.3 1.0 0.3 0.5 0.3 0.2
1168736 0.5 0.6 0.6 0.2 0.4 1.0 0.3 0.6 0.1 0.4
1182404 1.0 0.333333333333 0.333333333333 0.333333333333 0.666666666667 0.333333333333 0.666666666667 0.333333333333 0.333333333333 0.666666666667
255644 1.0 0.5 0.8 1.0 0.3 1.0 0.5 0.1 0.3 0.4
274137 0.8 0.8 0.9 0.4 0.5 1.0 0.7 0.8 0.1 0.4
303213 1.0 0.4 0.4 1.0 0.6 1.0 0.5 0.5 0.1 0.4
314428 0.7 0.9 0.4 1.0 1.0 0.3 0.5 0.3 0.3 0.4
320675 0.3 0.3 0.5 0.2 0.3 1.0 0.7 0.1 0.1 0.4
411453 1.0 0.2 0.2 0.2 0.4 0.2 0.6 0.2 0.2 0.4
428903 1.0 0.285714285714 0.571428571429 0.142857142857 0.428571428571 0.571428571429 0.428571428571 0.428571428571 0.142857142857 0.571428571429
434518 1.0 0.333333333333 0.333333333333 0.333333333333 0.666666666667 0.333333333333 0.666666666667 0.333333333333 0.333333333333 0.666666666667
486283 1.0 0.333333333333 0.333333333333 0.333333333333 0.666666666667 0.333333333333 1.0 0.333333333333 0.333333333333 0.666666666667
486662 0.666666666667 0.333333333333 0.333333333333 0.666666666667 0.666666666667 0.333333333333 1.0 0.333333333333 0.333333333333 0.666666666667
543558 0.6 0.1 0.3 0.1 0.4 0.5 0.5 1.0 0.1 0.4
560680 0.5 0.5 0.5 0.5 1.0 0.5 0.5 0.5 0.5 1.0
561477 0.333333333333 0.333333333333 0.333333333333 0.333333333333 0.666666666667 0.333333333333 1.0 0.333333333333 0.333333333333 0.666666666667
563649 0.126984126984 0.126984126984 0.126984126984 0.015873015873 0.031746031746 1.0 0.0952380952381 0.15873015873 0.015873015873 0.0634920634921
601265 1.0 0.4 0.4 0.6 0.2 1.0 0.2 0.3 0.1 0.4
606140 0.015873015873 0.015873015873 0.015873015873 0.015873015873 0.031746031746 1.0 0.031746031746 0.015873015873 0.015873015873 0.031746031746
616240 0.714285714286 0.428571428571 0.571428571429 0.428571428571 0.571428571429 0.714285714286 0.571428571429 1.0 0.142857142857 0.285714285714
63375 0.9 0.1 0.2 0.6 0.4 1.0 0.7 0.7 0.2 0.4
635844 0.8 0.4 1.0 0.5 0.4 0.4 0.7 1.0 0.1 0.4
636130 0.333333333333 0.333333333333 0.333333333333 0.333333333333 0.666666666667 0.333333333333 1.0 0.333333333333 0.333333333333 0.666666666667
659642 1.0 0.8 0.4 0.4 0.4 1.0 0.3 1.0 0.4 0.4
666090 0.333333333333 0.333333333333 0.333333333333 0.333333333333 0.666666666667 0.333333333333 1.0 0.333333333333 0.333333333333 0.666666666667
673637 0.6 0.2 0.2 0.2 0.4 1.0 1.0 0.2 0.2 0.4
684955 0.666666666667 0.333333333333 0.333333333333 0.333333333333 1.0 0.333333333333 0.666666666667 0.333333333333 0.333333333333 0.666666666667
688033 0.5 0.5 0.5 0.5 1.0 0.5 0.5 0.5 0.5 1.0
691628 0.8 0.6 0.4 1.0 1.0 0.1 0.3 0.5 0.1 0.4
709287 0.666666666667 0.888888888889 0.777777777778 0.888888888889 0.666666666667 0.888888888889 0.888888888889 1.0 0.111111111111 0.444444444444
718641 0.2 0.2 0.2 0.2 1.0 0.2 0.6 0.2 0.2 0.4
721482 0.571428571429 0.571428571429 0.571428571429 0.571428571429 0.857142857143 0.714285714286 1.0 0.428571428571 0.142857142857 0.285714285714
733639 0.047619047619 0.015873015873 0.015873015873 0.015873015873 0.031746031746 1.0 0.047619047619 0.015873015873 0.015873015873 0.031746031746
733639 1.0 0.333333333333 0.333333333333 0.333333333333 0.666666666667 0.333333333333 1.0 0.333333333333 0.333333333333 0.666666666667
733823 0.5 0.4 0.6 1.0 0.2 1.0 0.4 0.1 0.1 0.4
740492 0.333333333333 0.333333333333 0.333333333333 0.333333333333 0.666666666667 0.333333333333 1.0 0.333333333333 0.333333333333 0.666666666667
756136 0.5 0.5 0.5 0.5 1.0 0.5 1.0 0.5 0.5 1.0
760001 0.8 1.0 0.3 0.2 0.6 0.4 0.3 1.0 0.1 0.4
764974 1.0 0.2 0.2 0.2 0.4 0.2 0.6 0.2 0.4 0.4
770066 1.0 0.4 0.4 0.4 0.4 0.2 0.4 0.4 0.2 0.4
797327 0.6 0.5 0.5 0.8 0.4 1.0 0.3 0.4 0.1 0.4
806423 0.8 0.5 0.5 0.5 0.2 1.0 0.4 0.3 0.1 0.4
809912 1.0 0.3 0.3 0.1 0.2 1.0 0.7 0.6 0.1 0.4
810104 0.333333333333 0.333333333333 0.333333333333 0.333333333333 0.666666666667 0.333333333333 1.0 0.333333333333 0.333333333333 0.666666666667
814265 1.0 0.5 0.5 0.5 1.0 0.5 0.5 0.5 0.5 1.0
830690 1.0 0.4 0.4 0.4 0.6 0.2 0.2 0.6 0.2 0.4
831268 0.333333333333 0.333333333333 0.333333333333 0.333333333333 0.333333333333 0.333333333333 0.333333333333 1.0 0.333333333333 0.666666666667
832567 0.5 0.25 0.375 0.625 0.375 1.0 0.875 0.75 0.125 0.5
836433 1.0 0.2 0.2 0.6 0.4 0.2 0.2 0.2 0.2 0.4
850831 0.2 0.7 1.0 1.0 0.7 1.0 0.4 0.9 0.4 0.4
857774 1.0 0.25 0.25 0.25 0.75 0.25 0.5 0.5 0.25 0.5
859164 1.0 0.6 0.6 0.2 0.6 0.6 0.6 0.6 0.6 0.8
859350 0.8 1.0 1.0 0.7 1.0 1.0 0.7 0.3 0.8 0.4
873549 1.0 0.3 0.5 0.4 0.3 0.7 0.3 0.5 0.3 0.4
877291 0.6 1.0 1.0 1.0 1.0 1.0 0.8 1.0 1.0 0.4
877943 0.3 1.0 0.3 1.0 0.6 1.0 0.5 0.1 0.4 0.4
888169 0.75 0.5 0.5 0.25 1.0 0.75 0.5 0.25 0.25 0.5
897172 1.0 0.5 0.5 0.5 1.0 0.5 1.0 0.5 0.5 1.0
95719 0.6 1.0 1.0 1.0 0.8 1.0 0.7 1.0 0.7 0.4
342245 0.333333333333 0.333333333333 1.0 0.333333333333 0.666666666667 0.333333333333 0.333333333333 0.333333333333 0.333333333333 0.666666666667
428598 0.333333333333 0.333333333333 1.0 0.333333333333 0.333333333333 0.333333333333 0.666666666667 0.333333333333 0.333333333333 0.666666666667
492561 1.0 0.75 0.5 0.25 0.75 0.25 0.5 0.25 0.25 0.5
493452 0.333333333333 0.333333333333 1.0 0.333333333333 0.666666666667 0.333333333333 0.333333333333 0.333333333333 0.333333333333 0.666666666667
493452 1.0 0.25 0.5 0.25 0.5 0.25 0.5 0.25 0.25 0.5
560680 1.0 0.333333333333 0.666666666667 0.333333333333 0.666666666667 0.333333333333 0.666666666667 0.333333333333 0.333333333333 0.666666666667
654244 0.5 0.5 0.5 0.5 0.5 0.5 1.0 0.5 0.5 1.0
685977 1.0 0.6 0.8 0.2 0.8 0.2 0.6 0.2 0.2 0.4
805448 0.5 0.5 0.5 0.5 1.0 0.5 0.5 0.5 0.5 1.0
846423 1.0 0.6 0.3 0.6 0.4 1.0 0.7 0.8 0.4 0.4
1002504 1.0 0.666666666667 0.666666666667 0.666666666667 0.666666666667 0.333333333333 1.0 0.666666666667 0.333333333333 0.666666666667
1026122 1.0 0.5 0.5 0.5 1.0 0.5 0.5 0.5 0.5 1.0
1116715 1.0 0.2 0.2 0.2 0.6 0.4 0.4 0.4 0.2 0.4
1151734 1.0 0.8 0.7 0.4 0.3 1.0 0.7 0.9 0.1 0.4
1168278 1.0 0.333333333333 0.333333333333 0.333333333333 0.666666666667 0.333333333333 0.666666666667 0.333333333333 0.333333333333 0.666666666667
1176187 1.0 0.333333333333 0.333333333333 0.333333333333 0.666666666667 0.333333333333 1.0 0.333333333333 0.333333333333 0.666666666667
1196263 1.0 0.25 0.25 0.25 0.5 0.25 0.25 0.25 0.25 0.5
1196475 1.0 0.666666666667 0.333333333333 0.333333333333 0.666666666667 0.333333333333 0.666666666667 0.666666666667 0.333333333333 0.666666666667
1206314 0.333333333333 0.666666666667 1.0 0.333333333333 0.666666666667 0.333333333333 0.333333333333 0.333333333333 0.333333333333 0.666666666667
1211265 0.3 1.0 0.8 0.7 0.6 0.9 0.9 0.3 0.8 0.4
1213784 1.0 0.333333333333 0.333333333333 0.333333333333 0.666666666667 0.333333333333 0.333333333333 0.333333333333 0.333333333333 0.666666666667
1223003 1.0 0.6 0.6 0.2 0.4 0.2 0.4 0.2 0.2 0.4
1229929 0.5 0.5 0.5 0.5 1.0 0.5 1.0 0.5 0.5 1.0
1234554 0.5 0.5 0.5 0.5 1.0 0.5 1.0 0.5 0.5 1.0
1238464 0.015873015873 0.015873015873 0.015873015873 0.015873015873 0.015873015873 1.0 0.031746031746 0.015873015873 0.015873015873 0.031746031746
1238633 1.0 1.0 1.0 0.6 0.8 0.4 0.8 0.5 0.1 0.4
1238948 0.8 0.5 0.6 0.2 0.3 1.0 0.6 0.6 0.1 0.4
1239347 0.8 0.7 0.8 0.5 1.0 1.0 0.7 0.2 0.1 0.4
1240337 1.0 0.4 0.4 0.4 0.4 0.4 0.6 0.4 0.4 0.4
1253505 0.4 0.6 0.2 0.2 1.0 0.2 0.2 0.2 0.2 0.4
1255384 1.0 0.666666666667 0.666666666667 1.0 0.666666666667 1.0 1.0 0.333333333333 0.333333333333 0.666666666667
1257648 1.0 0.75 0.75 0.25 0.5 0.25 0.75 0.75 0.25 0.5
1257938 1.0 0.333333333333 0.333333333333 0.333333333333 0.666666666667 0.333333333333 0.333333333333 0.333333333333 0.333333333333 0.666666666667
1258549 0.9 1.0 1.0 1.0 1.0 1.0 1.0 1.0 0.1 0.4
1258556 0.833333333333 0.5 1.0 0.166666666667 0.333333333333 0.166666666667 0.166666666667 0.166666666667 0.166666666667 0.333333333333
1276091 1.0 0.5 0.5 0.5 1.0 0.5 1.0 0.5 0.5 1.0
1276091 1.0 0.2 0.2 0.6 0.8 0.2 0.6 0.4 0.2 0.4
1277629 1.0 0.2 0.2 0.2 0.4 0.2 0.4 0.4 0.2 0.4
527337 1.0 0.25 0.25 0.25 0.5 0.25 0.25 0.25 0.25 0.5
558538 1.0 0.25 0.75 0.75 0.5 0.25 0.25 0.25 0.25 0.5
566509 1.0 0.2 0.2 0.2 0.4 0.2 0.2 0.2 0.2 0.4
608157 1.0 0.4 0.3 1.0 0.4 1.0 1.0 0.1 0.1 0.4
677910 1.0 0.4 0.4 0.8 0.4 0.8 0.2 0.2 0.2 0.4
734111 0.333333333333 0.333333333333 0.333333333333 1.0 0.666666666667 1.0 0.333333333333 0.333333333333 0.333333333333 0.666666666667
780555 0.833333333333 0.166666666667 0.166666666667 1.0 0.5 0.166666666667 0.333333333333 0.166666666667 0.166666666667 0.333333333333
1049837 0.5 0.5 0.5 0.5 1.0 0.5 0.5 0.5 0.5 1.0
1058849 1.0 0.2 0.2 0.2 0.4 0.2 0.2 0.2 0.2 0.4
1193544 0.5 0.7 0.9 0.8 0.6 1.0 0.8 1.0 0.1 0.4
1201870 1.0 0.25 0.25 0.75 0.25 0.25 0.5 0.25 0.25 0.5
1202253 1.0 0.2 0.2 0.2 0.4 0.2 0.2 0.2 0.2 0.4
1227081 1.0 0.333333333333 0.333333333333 1.0 0.666666666667 0.333333333333 0.333333333333 0.333333333333 0.333333333333 0.666666666667
1230994 0.4 0.5 0.5 0.8 0.6 1.0 1.0 0.7 0.1 0.4
1238410 0.666666666667 1.0 0.333333333333 0.333333333333 1.0 0.333333333333 0.333333333333 0.333333333333 0.333333333333 0.666666666667
1246562 1.0 0.2 0.2 0.1 0.2 0.6 0.1 0.1 0.2 0.4
1266124 1.0 0.2 0.4 0.2 0.4 0.2 0.2 0.2 0.2 0.4
1268313 1.0 0.2 0.2 0.6 0.4 0.2 0.2 0.2 0.2 0.4
1268804 0.6 0.2 0.2 0.2 0.4 1.0 0.2 0.2 0.2 0.4
1280258 1.0 0.25 0.25 0.25 0.5 0.25 0.25 0.5 0.25 0.5
1293966 1.0 0.25 0.25 0.25 0.5 0.25 0.25 0.25 0.25 0.5
1296572 1.0 0.9 0.8 0.7 0.6 0.4 0.7 1.0 0.3 0.4
1298416 1.0 0.6 0.6 0.2 0.4 1.0 0.9 0.7 0.1 0.4
1299596 0.6 0.6 0.6 0.5 0.4 1.0 0.7 0.6 0.2 0.4
1211594 1.0 0.333333333333 0.333333333333 0.333333333333 0.333333333333 0.333333333333 0.666666666667 0.333333333333 0.333333333333 0.666666666667
1238777 1.0 0.166666666667 0.166666666667 0.5 0.333333333333 0.166666666667 0.166666666667 0.166666666667 0.166666666667 0.333333333333
1269574 1.0 0.25 0.25 0.25 0.5 0.25 0.25 0.25 0.25 0.5
1277145 1.0 0.2 0.2 0.2 0.4 0.2 0.2 0.2 0.2 0.4
1296025 1.0 0.25 0.5 0.25 0.5 0.25 0.25 0.25 0.25 0.5
1296263 1.0 0.25 0.25 0.25 0.5 0.25 0.25 0.25 0.25 0.5
1296593 1.0 0.4 0.2 0.2 0.4 0.2 0.2 0.2 0.2 0.4
1299161 0.4 0.8 0.7 1.0 0.4 1.0 0.7 0.5 0.1 0.4
1318169 0.9 1.0 1.0 1.0 1.0 0.5 1.0 1.0 1.0 0.4
474162 0.8 0.7 0.8 0.5 0.5 1.0 0.9 1.0 0.1 0.4
787451 1.0 0.2 0.4 0.2 0.4 0.2 0.2 0.2 0.2 0.4
1084139 1.0 0.5 0.333333333333 0.166666666667 0.5 0.666666666667 0.666666666667 0.166666666667 0.166666666667 0.666666666667
1142706 0.5 1.0 1.0 1.0 0.6 1.0 0.6 0.5 0.2 0.4
1155967 0.5 0.1 0.2 1.0 0.4 0.5 0.2 0.1 0.1 0.2
1170945 1.0 0.333333333333 0.333333333333 0.333333333333 0.333333333333 0.333333333333 0.666666666667 0.333333333333 0.333333333333 0.666666666667
1182404 1.0 0.5 0.25 0.25 0.5 0.25 0.25 0.25 0.25 0.5
1217952 1.0 0.25 0.25 0.25 0.5 0.25 0.5 0.25 0.25 0.5
1238186 1.0 0.25 0.25 0.25 0.5 0.25 0.5 0.25 0.25 0.5
1253917 1.0 0.25 0.25 0.5 0.5 0.25 0.5 0.25 0.25 0.5
1265899 1.0 0.25 0.25 0.25 0.5 0.25 0.75 0.25 0.25 0.5
1277268 1.0 1.0 0.333333333333 0.333333333333 0.666666666667 0.333333333333 0.333333333333 0.333333333333 0.333333333333 0.666666666667
1297327 1.0 0.2 0.2 0.2 0.4 0.2 0.2 0.2 0.2 0.4
1297522 1.0 0.5 0.5 0.5 1.0 0.5 0.5 0.5 0.5 1.0
1298360 0.5 0.5 0.5 0.5 1.0 0.5 0.5 0.5 0.5 1.0
1299924 1.0 0.2 0.2 0.2 0.4 0.2 0.4 0.2 0.2 0.4
1304595 1.0 0.333333333333 0.333333333333 0.333333333333 0.333333333333 0.333333333333 0.666666666667 0.333333333333 0.333333333333 0.666666666667
1313325 0.4 1.0 0.4 0.7 0.3 1.0 0.9 1.0 0.1 0.4
1320077 0.5 0.5 0.5 0.5 0.5 0.5 0.5 0.5 0.5 1.0
1320077 0.5 0.5 0.5 0.5 0.5 0.5 1.0 0.5 0.5 1.0
1330439 0.4 0.7 0.8 0.3 0.4 1.0 0.9 0.1 0.1 0.4
369565 1.0 0.25 0.25 0.25 0.75 0.25 0.25 0.25 0.25 0.5
412300 1.0 0.4 0.5 0.4 0.3 0.5 0.7 0.3 0.1 0.4
749653 1.0 0.333333333333 0.333333333333 0.333333333333 0.666666666667 0.333333333333 0.666666666667 0.333333333333 0.333333333333 0.666666666667
769612 1.0 0.333333333333 0.333333333333 0.666666666667 0.666666666667 0.333333333333 0.333333333333 0.333333333333 0.333333333333 0.666666666667
769612 1.0 0.25 0.25 0.25 0.5 0.25 0.25 0.25 0.25 0.5
807657 1.0 0.166666666667 0.5 0.333333333333 0.333333333333 0.166666666667 0.166666666667 0.166666666667 0.166666666667 0.333333333333
8233704 1.0 0.25 0.25 0.25 0.25 0.25 0.5 0.25 0.25 0.5
837480 0.7 0.4 0.4 0.3 0.4 1.0 0.6 0.9 0.1 0.4
1061990 0.333333333333 0.333333333333 1.0 0.666666666667 0.666666666667 0.333333333333 1.0 0.333333333333 0.333333333333 0.666666666667
1113061 1.0 0.2 0.2 0.2 0.4 0.2 0.6 0.2 0.2 0.4
1116192 1.0 0.2 0.4 0.2 0.4 0.2 0.6 0.2 0.2 0.4
1135090 1.0 0.25 0.25 0.25 0.5 0.25 0.5 0.25 0.25 0.5
1145420 1.0 0.166666666667 0.166666666667 0.166666666667 0.333333333333 0.166666666667 0.333333333333 0.166666666667 0.166666666667 0.333333333333
1158157 1.0 0.2 0.2 0.2 0.4 0.4 0.4 0.2 0.2 0.4
1171578 1.0 0.333333333333 0.333333333333 0.333333333333 0.666666666667 0.333333333333 0.333333333333 0.333333333333 0.333333333333 0.666666666667
1186936 0.666666666667 0.333333333333 1.0 0.666666666667 0.666666666667 0.333333333333 0.666666666667 0.333333333333 0.333333333333 0.666666666667
1197527 1.0 0.2 0.2 0.2 0.4 0.2 0.4 0.2 0.2 0.4
1240603 1.0 0.333333333333 0.333333333333 0.333333333333 0.333333333333 0.333333333333 0.333333333333 0.333333333333 0.333333333333 0.666666666667
1241035 0.875 1.0 0.375 0.875 0.5 0.625 0.875 1.0 0.25 0.5
1313982 0.5 0.375 0.125 0.125 0.25 0.125 0.5 1.0 0.125 0.25
1321264 1.0 0.4 0.4 0.4 0.2 0.2 0.4 0.2 0.2 0.4
1321348 1.0 0.5 0.5 0.5 1.0 0.5 1.0 0.5 0.5 1.0
1321931 1.0 0.2 0.2 0.2 0.4 0.2 0.4 0.2 0.2 0.4
1321942 1.0 0.2 0.2 0.2 0.4 0.2 0.6 0.2 0.2 0.4
1328755 1.0 0.333333333333 0.333333333333 0.333333333333 0.666666666667 0.333333333333 0.666666666667 0.333333333333 0.333333333333 0.666666666667
1331405 1.0 0.25 0.25 0.25 0.5 0.25 0.75 0.5 0.25 0.5
1334071 1.0 0.25 0.25 0.25 0.5 0.75 0.5 0.25 0.25 0.5
1343374 1.0 1.0 0.8 1.0 0.6 0.5 1.0 0.3 0.1 0.4
1344121 0.8 1.0 0.4 0.4 0.8 1.0 0.8 0.2 0.1 0.4
183936 1.0 0.333333333333 0.333333333333 0.333333333333 0.666666666667 0.333333333333 0.666666666667 0.333333333333 0.333333333333 0.666666666667
324382 0.5 0.5 0.5 0.5 1.0 0.5 1.0 0.5 0.5 1.0
690557 1.0 0.2 0.2 0.2 0.4 0.2 0.4 0.2 0.2 0.4
695091 0.5 0.5 0.5 0.5 1.0 0.5 1.0 0.5 0.5 1.0
871549 1.0 0.2 0.4 0.2 0.4 0.2 0.4 0.2 0.2 0.4
878358 0.5 0.7 1.0 0.6 0.5 1.0 0.7 0.5 0.1 0.4
1107684 0.6 1.0 0.5 0.5 0.4 1.0 0.6 1.0 0.1 0.4
1217717 0.833333333333 0.166666666667 0.166666666667 1.0 0.5 0.166666666667 0.166666666667 0.166666666667 0.166666666667 0.333333333333
1254538 0.8 1.0 1.0 1.0 0.6 1.0 1.0 1.0 0.1 0.4
1272166 1.0 0.2 0.2 0.2 0.4 0.2 0.2 0.2 0.2 0.4
1294261 0.4 1.0 0.8 0.5 0.4 0.1 1.0 0.1 0.1 0.4
1295529 0.2 0.5 0.7 0.6 0.4 1.0 0.7 0.6 0.1 0.4
1298484 1.0 0.3 0.4 0.5 0.3 1.0 0.4 0.1 0.1 0.4
1320141 1.0 0.2 0.2 0.2 0.4 0.2 0.4 0.2 0.2 0.4
1333063 1.0 0.2 0.6 0.2 0.4 0.2 0.6 0.2 0.2 0.4
1336798 1.0 0.333333333333 0.333333333333 0.333333333333 0.666666666667 0.333333333333 0.666666666667 0.333333333333 0.333333333333 0.666666666667
1344449 0.5 0.5 0.5 0.5 0.5 0.5 1.0 0.5 0.5 1.0
1350568 1.0 0.25 0.25 0.25 0.5 0.25 0.5 0.25 0.25 0.5
352431 1.0 0.5 1.0 0.3 0.5 0.8 0.7 0.8 0.3 0.4
353098 1.0 0.25 0.25 0.5 0.5 0.25 0.25 0.25 0.25 0.5
411453 0.5 0.5 0.5 0.5 1.0 0.5 0.5 0.5 0.5 1.0
636375 1.0 0.2 0.2 0.2 0.4 0.2 0.2 0.2 0.2 0.4
1031608 1.0 0.5 0.5 0.5 0.5 0.5 1.0 0.5 0.5 1.0
1041043 1.0 0.25 0.75 0.25 0.5 0.25 0.5 0.25 0.25 0.5
1057067 0.015873015873 0.015873015873 0.015873015873 0.015873015873 0.015873015873 1.0 0.015873015873 0.015873015873 0.015873015873 0.031746031746
1061990 1.0 0.25 0.25 0.25 0.5 0.25 0.5 0.25 0.25 0.5
1096352 1.0 0.5 0.5 0.5 0.5 0.333333333333 1.0 0.166666666667 0.166666666667 0.333333333333
1140597 1.0 0.142857142857 0.285714285714 0.428571428571 0.285714285714 0.142857142857 0.285714285714 0.142857142857 0.142857142857 0.285714285714
1174009 1.0 0.2 0.2 0.4 0.2 0.2 0.4 0.2 0.2 0.4
1183596 0.75 0.25 0.75 0.25 0.75 1.0 0.25 0.25 0.25 0.5
1190386 0.571428571429 0.857142857143 0.857142857143 0.714285714286 1.0 0.857142857143 1.0 1.0 0.428571428571 0.571428571429
1190546 0.4 0.2 0.2 0.2 0.4 1.0 0.2 0.2 0.2 0.4
1213273 1.0 0.5 0.5 0.5 1.0 0.5 0.5 0.5 0.5 1.0
1225382 1.0 0.333333333333 0.5 0.166666666667 0.333333333333 0.166666666667 0.166666666667 0.166666666667 0.166666666667 0.333333333333
1238777 0.5 0.5 0.5 0.5 1.0 0.5 0.5 0.5 0.5 1.0
1253955 0.8 0.7 0.4 0.4 0.5 0.3 0.5 1.0 0.1 0.4
1257366 1.0 0.333333333333 0.333333333333 0.333333333333 0.666666666667 0.333333333333 0.333333333333 0.333333333333 0.333333333333 0.666666666667
1260659 0.75 0.25 1.0 0.25 0.5 0.25 0.25 0.25 0.25 0.5
1268952 1.0 1.0 0.7 0.8 0.7 0.1 1.0 1.0 0.3 0.4
1275807 1.0 0.5 1.0 0.75 0.5 0.5 0.5 0.25 0.25 0.5
1277792 1.0 0.25 0.25 0.25 0.5 0.25 0.25 0.25 0.25 0.5
1277792 1.0 0.2 0.2 0.6 0.4 0.2 0.2 0.2 0.2 0.4
1285722 1.0 0.25 0.25 0.75 0.5 0.25 0.25 0.25 0.25 0.5
1288608 1.0 0.333333333333 0.333333333333 0.333333333333 0.666666666667 0.333333333333 0.666666666667 0.333333333333 0.333333333333 0.666666666667
1290203 1.0 0.333333333333 0.333333333333 0.333333333333 0.666666666667 0.333333333333 0.666666666667 0.333333333333 0.333333333333 0.666666666667
1303489 1.0 0.333333333333 0.333333333333 0.333333333333 0.666666666667 0.333333333333 0.666666666667 0.333333333333 0.333333333333 0.666666666667
1311033 0.5 1.0 1.0 0.5 1.0 0.5 0.5 0.5 0.5 1.0
1315807 0.5 1.0 1.0 1.0 1.0 0.2 1.0 1.0 1.0 0.4
1318671 1.0 0.333333333333 0.333333333333 0.333333333333 0.666666666667 0.333333333333 0.666666666667 0.333333333333 0.333333333333 0.666666666667
1319609 0.75 0.25 0.25 0.5 0.75 1.0 0.25 0.25 0.25 0.5
1323477 0.333333333333 0.666666666667 0.333333333333 1.0 0.666666666667 0.333333333333 0.666666666667 0.333333333333 0.333333333333 0.666666666667
1324681 1.0 0.25 0.25 0.25 0.5 0.25 0.5 0.25 0.25 0.5
1325159 1.0 0.333333333333 0.333333333333 0.333333333333 0.666666666667 0.333333333333 1.0 0.333333333333 0.333333333333 0.666666666667
1333877 0.625 0.5 0.625 0.125 1.0 0.125 0.375 0.75 0.125 0.25
1339781 0.5 0.5 0.5 0.5 1.0 0.5 1.0 0.5 0.5 1.0
1339781 1.0 0.25 0.25 0.25 0.5 0.25 0.75 0.25 0.25 0.5
1345593 1.0 0.333333333333 0.333333333333 1.0 0.666666666667 0.333333333333 0.666666666667 0.333333333333 0.333333333333 0.666666666667
1347943 1.0 0.4 0.4 0.4 0.4 0.2 0.2 0.2 0.4 0.4
1348851 1.0 0.333333333333 0.333333333333 0.333333333333 0.666666666667 0.333333333333 1.0 0.333333333333 0.333333333333 0.666666666667
1350319 0.5 0.7 0.4 0.1 0.6 0.1 0.7 1.0 0.3 0.4
1350423 0.5 1.0 1.0 0.8 0.5 0.5 0.7 1.0 0.1 0.4
1352848 0.3 1.0 0.7 0.8 0.5 0.8 0.7 0.4 0.1 0.4
1353092 1.0 0.666666666667 0.333333333333 0.666666666667 0.666666666667 0.333333333333 1.0 0.333333333333 0.333333333333 0.666666666667
1354840 0.666666666667 0.333333333333 0.333333333333 0.333333333333 0.666666666667 0.333333333333 1.0 0.333333333333 0.333333333333 0.666666666667
1368267 1.0 0.2 0.2 0.2 0.4 0.2 0.2 0.2 0.2 0.4
1369821 1.0 1.0 1.0 1.0 0.5 1.0 1.0 1.0 0.7 0.4
1371920 1.0 0.2 0.2 0.2 0.4 0.2 0.6 0.4 0.2 0.4
466906 0.5 0.5 0.5 0.5 1.0 0.5 0.5 0.5 0.5 1.0
466906 0.5 0.5 0.5 0.5 1.0 0.5 0.5 0.5 0.5 1.0
534555 0.5 0.5 0.5 0.5 1.0 0.5 0.5 0.5 0.5 1.0
566346 1.0 0.333333333333 0.333333333333 0.333333333333 0.666666666667 0.333333333333 0.666666666667 1.0 0.333333333333 0.666666666667
603148 1.0 0.25 0.25 0.25 0.5 0.25 0.25 0.25 0.25 0.5
654546 0.125 0.125 0.125 0.125 0.25 0.125 0.125 0.125 1.0 0.25
695091 0.5 1.0 1.0 0.5 0.4 0.5 0.4 0.4 0.1 0.4
714039 1.0 0.333333333333 0.333333333333 0.333333333333 0.666666666667 0.333333333333 0.333333333333 0.333333333333 0.333333333333 0.666666666667
763235 1.0 0.333333333333 0.333333333333 0.333333333333 0.666666666667 0.333333333333 0.666666666667 0.333333333333 0.666666666667 0.666666666667
841769 1.0 0.5 0.5 0.5 1.0 0.5 0.5 0.5 0.5 1.0
888820 0.5 1.0 1.0 0.3 0.7 0.3 0.8 1.0 0.2 0.4
897471 0.4 0.8 0.6 0.4 0.3 0.4 1.0 0.6 0.1 0.4
897471 0.4 0.8 0.8 0.5 0.4 0.5 1.0 0.4 0.1 0.4
