1000025 1.0 0.2 0.2 0.2 0.4 0.2 0.6 0.2 0.2 0.4
1002945 0.5 0.4 0.4 0.5 0.7 1.0 0.3 0.2 0.1 0.2
1015425 1.0 0.333333333333 0.333333333333 0.333333333333 0.666666666667 0.666666666667 1.0 0.333333333333 0.333333333333 0.666666666667
1016277 0.75 1.0 1.0 0.125 0.375 0.5 0.375 0.875 0.125 0.25
1017023 1.0 0.25 0.25 0.75 0.5 0.25 0.75 0.25 0.25 0.5
1017122 0.8 1.0 1.0 0.8 0.7 1.0 0.9 0.7 0.1 0.4
1018099 0.1 0.1 0.1 0.1 0.2 1.0 0.3 0.1 0.1 0.2
1018561 0.666666666667 0.333333333333 0.666666666667 0.333333333333 0.666666666667 0.333333333333 1.0 0.333333333333 0.333333333333 0.666666666667
1033078 0.4 0.2 0.2 0.2 0.4 0.2 0.2 0.2 1.0 0.4
1033078 1.0 0.5 0.25 0.25 0.5 0.25 0.5 0.25 0.25 0.5
1035283 0.333333333333 0.333333333333 0.333333333333 0.333333333333 0.333333333333 0.333333333333 1.0 0.333333333333 0.333333333333 0.666666666667
1036172 1.0 0.5 0.5 0.5 1.0 0.5 1.0 0.5 0.5 1.0
1041801 1.0 0.6 0.6 0.6 0.4 0.6 0.8 0.8 0.2 0.8
1043999 0.333333333333 0.333333333333 0.333333333333 0.333333333333 0.666666666667 1.0 1.0 0.333333333333 0.333333333333 0.666666666667
1044572 0.8 0.7 0.5 1.0 0.7 0.9 0.5 0.5 0.4 0.4
1047630 1.0 0.571428571429 0.857142857143 0.571428571429 0.857142857143 0.142857142857 0.571428571429 0.428571428571 0.142857142857 0.571428571429
1048672 1.0 0.25 0.25 0.25 0.5 0.25 0.5 0.25 0.25 0.5
1049815 1.0 0.25 0.25 0.25 0.5 0.25 0.75 0.25 0.25 0.5
1050670 1.0 0.7 0.7 0.6 0.4 1.0 0.4 0.1 0.2 0.4
1050718 1.0 0.166666666667 0.166666666667 0.166666666667 0.333333333333 0.166666666667 0.5 0.166666666667 0.166666666667 0.333333333333
1054590 0.7 0.3 0.2 1.0 0.5 1.0 0.5 0.4 0.4 0.4
1054593 1.0 0.5 0.5 0.3 0.6 0.7 0.7 1.0 0.1 0.4
1056784 1.0 0.333333333333 0.333333333333 0.333333333333 0.666666666667 0.333333333333 0.666666666667 0.333333333333 0.333333333333 0.666666666667
1057013 0.126984126984 0.0634920634921 0.0793650793651 0.015873015873 0.031746031746 1.0 0.111111111111 0.047619047619 0.015873015873 0.0634920634921
1059552 0.333333333333 0.333333333333 0.333333333333 0.333333333333 0.666666666667 0.333333333333 1.0 0.333333333333 0.333333333333 0.666666666667
1065726 0.714285714286 0.285714285714 0.428571428571 0.571428571429 0.285714285714 1.0 0.428571428571 0.857142857143 0.142857142857 0.571428571429
1066373 1.0 0.666666666667 0.333333333333 0.333333333333 0.333333333333 0.333333333333 0.666666666667 0.333333333333 0.333333333333 0.666666666667
1066979 1.0 0.2 0.2 0.2 0.4 0.2 0.4 0.2 0.2 0.4
1067444 1.0 0.5 0.5 0.5 1.0 0.5 1.0 0.5 0.5 1.0
1070935 0.333333333333 0.333333333333 1.0 0.333333333333 0.666666666667 0.333333333333 0.333333333333 0.333333333333 0.333333333333 0.666666666667
1070935 1.0 0.333333333333 0.333333333333 0.333333333333 0.333333333333 0.333333333333 0.666666666667 0.333333333333 0.333333333333 0.666666666667
1071760 0.666666666667 0.333333333333 0.333333333333 0.333333333333 0.666666666667 0.333333333333 1.0 0.333333333333 0.333333333333 0.666666666667
1072179 1.0 0.7 0.7 0.3 0.8 0.5 0.7 0.4 0.3 0.4
1074610 0.666666666667 0.333333333333 0.333333333333 0.666666666667 0.666666666667 0.333333333333 1.0 0.333333333333 0.333333333333 0.666666666667
1075123 1.0 0.333333333333 0.666666666667 0.333333333333 0.666666666667 0.333333333333 0.666666666667 0.333333333333 0.333333333333 0.666666666667
1079304 1.0 0.5 0.5 0.5 1.0 0.5 1.0 0.5 0.5 1.0
1080185 1.0 1.0 1.0 0.8 0.6 0.1 0.8 0.9 0.1 0.4
1081791 0.857142857143 0.285714285714 0.142857142857 0.142857142857 0.142857142857 0.142857142857 1.0 0.142857142857 0.142857142857 0.285714285714
1084584 0.5 0.4 0.4 0.9 0.2 1.0 0.5 0.6 0.1 0.4
1091262 0.285714285714 0.714285714286 0.428571428571 0.428571428571 0.857142857143 1.0 1.0 0.714285714286 0.142857142857 0.571428571429
1096800 0.0952380952381 0.0952380952381 0.0952380952381 0.142857142857 0.0952380952381 1.0 0.111111111111 0.126984126984 0.015873015873 0.031746031746
1099510 1.0 0.4 0.3 0.1 0.3 0.3 0.6 0.5 0.2 0.4
1100524 0.6 1.0 1.0 0.2 0.8 1.0 0.7 0.3 0.3 0.4
1102573 0.5 0.6 0.5 0.6 1.0 0.1 0.3 0.1 0.1 0.4
1103608 1.0 1.0 1.0 0.4 0.8 0.1 0.8 1.0 0.1 0.4
1103722 0.5 0.5 0.5 0.5 1.0 0.5 1.0 0.5 1.0 1.0
1105257 0.333333333333 0.777777777778 0.777777777778 0.444444444444 0.444444444444 1.0 0.444444444444 0.888888888889 0.111111111111 0.444444444444
1105524 0.5 0.5 0.5 0.5 1.0 0.5 1.0 0.5 0.5 1.0
1106095 1.0 0.25 0.25 0.75 0.5 0.25 0.75 0.25 0.25 0.5
1106829 0.875 1.0 0.875 0.25 0.5 1.0 0.375 1.0 0.25 0.5
1108370 1.0 0.555555555556 0.888888888889 0.111111111111 0.222222222222 0.333333333333 0.222222222222 0.111111111111 0.555555555556 0.444444444444
1108449 1.0 0.6 0.6 0.8 0.4 0.8 0.6 0.8 0.2 0.8
1110102 1.0 0.3 0.6 0.2 0.3 0.5 0.4 1.0 0.2 0.4
1110503 0.5 0.5 0.5 0.8 1.0 0.8 0.7 0.3 0.7 0.4
1110524 1.0 0.5 0.5 0.6 0.8 0.8 0.7 0.1 0.1 0.4
1111249 1.0 0.6 0.6 0.3 0.4 0.5 0.3 0.6 0.1 0.4
1112209 0.8 1.0 1.0 0.1 0.3 0.6 0.3 0.9 0.1 0.4
1113038 1.0 0.25 0.5 0.125 0.625 0.125 0.625 0.5 0.5 0.5
1113483 0.5 0.2 0.3 0.1 0.6 1.0 0.5 0.1 0.1 0.4
1113906 1.0 0.555555555556 0.555555555556 0.222222222222 0.222222222222 0.222222222222 0.555555555556 0.111111111111 0.111111111111 0.444444444444
1115282 0.5 0.3 0.5 0.5 0.3 0.3 0.4 1.0 0.1 0.4
1115293 0.5 0.5 0.5 0.5 1.0 1.0 1.0 0.5 0.5 1.0
1116116 0.9 1.0 1.0 0.1 1.0 0.8 0.3 0.3 0.1 0.4
1116132 0.666666666667 0.333333333333 0.444444444444 0.111111111111 0.555555555556 0.222222222222 0.333333333333 1.0 0.111111111111 0.444444444444
1116192 0.5 0.5 0.5 0.5 1.0 0.5 1.0 0.5 0.5 1.0
1116998 1.0 0.4 0.2 0.1 0.3 0.2 0.4 0.3 1.0 0.4
1117152 1.0 0.25 0.25 0.25 0.5 0.25 0.75 0.25 0.25 0.5
1118039 0.5 0.3 0.4 0.1 0.8 1.0 0.4 0.9 0.1 0.4
1120559 0.888888888889 0.333333333333 0.888888888889 0.333333333333 0.444444444444 1.0 0.888888888889 1.0 0.888888888889 0.444444444444
1121732 0.333333333333 0.333333333333 0.333333333333 0.333333333333 0.666666666667 0.333333333333 1.0 0.666666666667 0.333333333333 0.666666666667
1121919 1.0 0.2 0.6 0.2 0.4 0.2 0.4 0.2 0.2 0.4
1123061 0.6 1.0 0.2 0.8 1.0 0.2 0.7 0.8 1.0 0.4
1124651 0.142857142857 0.428571428571 0.428571428571 0.285714285714 0.285714285714 0.142857142857 1.0 0.285714285714 0.142857142857 0.285714285714
1125035 0.9 0.4 0.5 1.0 0.6 1.0 0.4 0.8 0.1 0.4
1126417 1.0 0.6 0.4 0.1 0.3 0.4 0.3 0.2 0.3 0.4
1131294 0.25 0.25 0.5 0.25 0.5 0.5 1.0 0.5 0.25 0.5
1132347 0.25 0.25 1.0 0.25 0.5 0.25 0.5 0.25 0.25 0.5
1133041 1.0 0.6 0.2 0.4 0.4 0.2 0.4 0.2 0.2 0.4
1133136 1.0 0.333333333333 0.333333333333 0.333333333333 0.666666666667 1.0 1.0 0.333333333333 0.333333333333 0.666666666667
1136142 0.666666666667 0.333333333333 0.333333333333 0.333333333333 1.0 0.333333333333 0.666666666667 0.333333333333 0.333333333333 0.666666666667
1137156 0.285714285714 0.285714285714 0.285714285714 0.142857142857 0.142857142857 0.142857142857 1.0 0.142857142857 0.142857142857 0.285714285714
1143978 1.0 0.25 0.25 0.5 0.5 0.25 0.5 0.25 0.25 0.5
1143978 1.0 0.4 0.2 0.2 0.4 0.2 0.6 0.2 0.2 0.4
1147044 0.428571428571 0.142857142857 0.142857142857 0.142857142857 0.285714285714 0.285714285714 1.0 0.142857142857 0.142857142857 0.285714285714
1147699 0.3 0.5 0.7 0.8 0.8 0.9 0.7 1.0 0.7 0.4
1147748 0.5 1.0 0.6 0.1 1.0 0.4 0.4 1.0 1.0 0.4
1148278 0.375 0.375 0.75 0.5 0.625 1.0 0.5 0.5 0.125 0.5
1148873 0.3 0.6 0.6 0.6 0.5 1.0 0.6 0.8 0.3 0.4
1152331 1.0 0.25 0.25 0.25 0.5 0.25 0.75 0.25 0.25 0.5
1155546 0.666666666667 0.333333333333 0.333333333333 0.666666666667 1.0 0.333333333333 0.666666666667 0.333333333333 0.333333333333 0.666666666667
1156272 0.333333333333 0.333333333333 0.333333333333 0.333333333333 0.666666666667 0.333333333333 1.0 0.333333333333 0.333333333333 0.666666666667
1156948 1.0 0.333333333333 0.333333333333 0.666666666667 0.666666666667 0.333333333333 0.333333333333 0.333333333333 0.333333333333 0.666666666667
1157734 1.0 0.25 0.25 0.25 0.5 0.25 0.75 0.25 0.25 0.5
1158247 0.5 0.5 0.5 0.5 1.0 0.5 1.0 0.5 0.5 1.0
1160476 0.666666666667 0.333333333333 0.333333333333 0.333333333333 0.666666666667 0.333333333333 1.0 0.333333333333 0.333333333333 0.666666666667
1164066 0.333333333333 0.333333333333 0.333333333333 0.333333333333 0.666666666667 0.333333333333 1.0 0.333333333333 0.333333333333 0.666666666667
1165297 1.0 0.5 0.5 1.0 1.0 0.5 0.5 0.5 0.5 1.0
1165790 1.0 0.2 0.2 0.2 0.4 0.2 0.6 0.2 0.2 0.4
1165926 0.9 0.6 0.9 0.2 1.0 0.6 0.2 0.9 1.0 0.4
1166630 0.7 0.5 0.6 1.0 0.5 1.0 0.7 0.9 0.4 0.4
1166654 1.0 0.3 0.5 0.1 1.0 0.5 0.3 1.0 0.2 0.4
1167439 0.4 0.6 0.8 0.8 0.4 1.0 0.4 1.0 0.2 0.8
1167471 1.0 0.25 0.5 0.25 0.5 0.25 0.75 0.25 0.25 0.5
1168359 1.0 0.25 0.375 0.125 0.75 0.375 0.875 0.125 0.125 0.5
1168736 1.0 1.0 1.0 1.0 1.0 0.1 0.8 0.8 0.8 0.4
1169049 1.0 0.428571428571 0.571428571429 0.571428571429 0.428571428571 0.428571428571 0.428571428571 0.285714285714 1.0 0.571428571429
1170419 1.0 1.0 1.0 0.8 0.2 1.0 0.4 0.1 0.1 0.4
1170420 0.1 0.6 0.8 1.0 0.8 1.0 0.5 0.7 0.1 0.4
1171710 0.333333333333 0.333333333333 0.333333333333 0.333333333333 0.666666666667 0.333333333333 0.666666666667 1.0 0.333333333333 0.666666666667
1171710 0.666666666667 0.555555555556 0.444444444444 0.444444444444 0.333333333333 1.0 0.777777777778 0.888888888889 0.333333333333 0.444444444444
1171795 0.2 0.6 0.2 0.4 0.4 0.4 1.0 0.6 0.4 0.4
1171845 0.888888888889 0.666666666667 0.444444444444 0.333333333333 0.555555555556 1.0 0.333333333333 0.111111111111 0.111111111111 0.444444444444
1172152 1.0 0.3 0.3 1.0 0.2 1.0 0.7 0.3 0.3 0.4
1173216 1.0 1.0 1.0 0.3 1.0 0.8 0.8 0.1 0.1 0.4
1173235 1.0 1.0 0.666666666667 0.333333333333 0.666666666667 1.0 1.0 0.333333333333 0.333333333333 0.666666666667
1173347 0.2 0.2 0.2 0.2 0.4 1.0 0.2 0.2 0.2 0.4
1173347 1.0 0.375 0.375 0.125 0.25 0.25 0.375 0.25 0.125 0.25
1173509 0.4 0.5 0.5 1.0 0.4 1.0 0.7 0.5 0.8 0.4
1173514 0.25 0.25 0.25 0.25 1.0 0.75 0.25 0.25 0.25 0.5
1173681 1.0 0.666666666667 0.333333333333 0.333333333333 0.666666666667 0.666666666667 1.0 0.333333333333 0.333333333333 0.666666666667
1174057 0.333333333333 0.333333333333 0.666666666667 0.666666666667 0.666666666667 0.333333333333 1.0 0.333333333333 0.333333333333 0.666666666667
1174057 1.0 0.5 0.25 0.25 0.5 0.5 0.75 0.25 0.25 0.5
1174131 1.0 1.0 1.0 0.2 1.0 1.0 0.5 0.3 0.3 0.4
1174428 0.5 0.3 0.5 0.1 0.8 1.0 0.5 0.3 0.1 0.4
1175937 0.5 0.4 0.6 0.7 0.9 0.7 0.8 1.0 0.1 0.4
1176406 0.5 0.5 0.5 0.5 1.0 0.5 1.0 0.5 0.5 1.0
1176881 0.7 0.5 0.3 0.7 0.4 1.0 0.7 0.5 0.5 0.4
1177027 1.0 0.333333333333 0.333333333333 0.333333333333 0.666666666667 0.333333333333 1.0 0.333333333333 0.333333333333 0.666666666667
1177399 0.8 0.3 0.5 0.4 0.5 1.0 0.1 0.6 0.2 0.4
1177512 0.1 0.1 0.1 0.1 1.0 0.1 0.1 0.1 0.1 0.2
1178580 1.0 0.2 0.6 0.2 0.4 0.2 0.4 0.2 0.2 0.4
1179818 0.666666666667 0.333333333333 0.333333333333 0.333333333333 0.666666666667 0.333333333333 1.0 0.333333333333 0.333333333333 0.666666666667
1180194 0.5 1.0 0.8 1.0 0.8 1.0 0.3 0.6 0.3 0.4
1180523 1.0 0.333333333333 0.333333333333 0.333333333333 0.666666666667 0.333333333333 0.666666666667 0.666666666667 0.333333333333 0.666666666667
1180831 1.0 0.333333333333 0.333333333333 0.333333333333 1.0 0.333333333333 0.666666666667 0.333333333333 0.333333333333 0.666666666667
1181356 1.0 0.2 0.2 0.2 0.4 0.4 0.6 0.6 0.2 0.4
1182404 1.0 0.25 0.25 0.25 0.5 0.25 0.5 0.25 0.25 0.5
1182410 1.0 0.333333333333 0.333333333333 0.333333333333 0.666666666667 0.333333333333 0.333333333333 0.333333333333 0.333333333333 0.666666666667
1183240 1.0 0.25 0.5 0.25 0.5 0.25 0.5 0.25 0.25 0.5
1183246 0.015873015873 0.015873015873 0.015873015873 0.015873015873 0.015873015873 1.0 0.031746031746 0.015873015873 0.015873015873 0.031746031746
1183516 1.0 0.333333333333 0.333333333333 0.333333333333 0.666666666667 0.333333333333 0.333333333333 0.333333333333 0.333333333333 0.666666666667
1183911 1.0 0.5 0.5 0.5 1.0 0.5 0.5 0.5 0.5 1.0
1183983 1.0 0.555555555556 0.555555555556 0.444444444444 0.444444444444 0.555555555556 0.444444444444 0.333333333333 0.333333333333 0.444444444444
1184184 0.2 0.2 0.2 0.2 0.4 1.0 0.2 0.2 0.2 0.4
1184241 1.0 0.5 0.5 0.5 1.0 0.5 1.0 0.5 0.5 1.0
1184840 0.015873015873 0.015873015873 0.047619047619 0.015873015873 0.031746031746 1.0 0.031746031746 0.015873015873 0.015873015873 0.031746031746
1185609 0.375 0.5 0.625 0.25 0.75 1.0 0.5 0.125 0.125 0.5
1185610 0.333333333333 0.333333333333 0.333333333333 0.333333333333 1.0 0.666666666667 0.666666666667 0.333333333333 0.333333333333 0.666666666667
1187457 0.375 0.125 0.125 0.375 1.0 0.125 0.625 1.0 0.125 0.25
1187805 0.8 0.8 0.7 0.4 1.0 1.0 0.7 0.8 0.7 0.4
1188472 0.333333333333 0.333333333333 0.333333333333 0.333333333333 0.333333333333 0.333333333333 1.0 0.333333333333 0.333333333333 0.666666666667
1189266 0.7 0.2 0.4 0.1 0.6 1.0 0.5 0.4 0.3 0.4
1189286 1.0 1.0 0.8 0.6 0.4 0.5 0.8 1.0 0.1 0.4
1190394 1.0 0.25 0.25 0.25 0.5 0.75 0.25 0.25 0.25 0.5
1190485 0.5 0.5 0.5 0.5 1.0 0.5 0.5 0.5 0.5 1.0
1192325 0.5 0.5 0.5 0.6 0.3 1.0 0.3 0.1 0.1 0.4
1193091 0.5 1.0 1.0 0.5 1.0 0.5 1.0 0.5 0.5 1.0
1193210 0.666666666667 0.333333333333 0.333333333333 0.333333333333 0.666666666667 0.333333333333 1.0 0.333333333333 0.333333333333 0.666666666667
1193683 0.015873015873 0.015873015873 0.031746031746 0.015873015873 0.047619047619 1.0 0.015873015873 0.015873015873 0.015873015873 0.031746031746
1196295 0.9 0.9 1.0 0.3 0.6 1.0 0.7 1.0 0.6 0.4
1196915 1.0 0.7 0.7 0.4 0.5 1.0 0.5 0.7 0.2 0.4
1197080 1.0 0.25 0.25 0.25 0.5 0.25 0.75 0.5 0.25 0.5
1197270 1.0 0.333333333333 0.333333333333 0.333333333333 0.666666666667 0.333333333333 1.0 0.333333333333 0.333333333333 0.666666666667
1197440 0.142857142857 0.142857142857 0.142857142857 0.285714285714 0.142857142857 0.428571428571 0.142857142857 0.142857142857 1.0 0.285714285714
1197510 0.0793650793651 0.015873015873 0.015873015873 0.015873015873 0.031746031746 1.0 0.047619047619 0.015873015873 0.015873015873 0.031746031746
1197979 1.0 0.25 0.25 0.25 0.5 0.5 0.75 0.5 0.25 0.5
1197993 0.5 0.6 0.7 0.8 0.8 1.0 0.3 1.0 0.3 0.4
1198128 1.0 0.8 1.0 1.0 0.6 0.1 0.3 0.1 1.0 0.4
1198641 1.0 0.333333333333 0.333333333333 0.333333333333 0.666666666667 0.333333333333 1.0 0.333333333333 0.333333333333 0.666666666667
1199219 0.5 0.5 0.5 1.0 0.5 0.5 0.5 0.5 0.5 1.0
1199731 1.0 0.333333333333 0.333333333333 0.333333333333 0.666666666667 0.333333333333 0.333333333333 0.333333333333 0.333333333333 0.666666666667
1199983 0.333333333333 0.333333333333 0.333333333333 0.333333333333 0.666666666667 0.333333333333 1.0 0.333333333333 0.333333333333 0.666666666667
1200772 0.5 0.5 0.5 0.5 1.0 0.5 1.0 0.5 0.5 1.0
1200847 0.6 1.0 1.0 1.0 0.8 1.0 1.0 1.0 0.7 0.4
1200892 0.8 0.6 0.5 0.4 0.3 1.0 0.6 0.1 0.1 0.4
1200952 0.5 0.8 0.7 0.7 1.0 1.0 0.5 0.7 0.1 0.4
1201834 0.666666666667 0.333333333333 0.333333333333 0.333333333333 0.666666666667 0.333333333333 1.0 0.333333333333 0.333333333333 0.666666666667
1201936 0.5 1.0 1.0 0.3 0.8 0.1 0.5 1.0 0.3 0.4
1202125 1.0 0.25 0.25 0.25 0.5 0.25 0.75 0.25 0.25 0.5
1202812 0.5 0.3 0.3 0.3 0.6 1.0 0.3 0.1 0.1 0.4
1203096 0.333333333333 0.333333333333 0.333333333333 0.333333333333 0.333333333333 0.333333333333 1.0 0.333333333333 0.333333333333 0.666666666667
1204242 0.5 0.5 0.5 0.5 1.0 0.5 0.5 0.5 0.5 1.0
1204898 1.0 0.166666666667 0.166666666667 0.166666666667 0.333333333333 0.166666666667 0.5 0.166666666667 0.166666666667 0.333333333333
1205138 0.5 0.8 0.8 0.8 0.5 1.0 0.7 0.8 0.1 0.4
1205579 0.8 0.7 0.6 0.4 0.4 1.0 0.5 0.1 0.1 0.4
1206089 0.666666666667 0.333333333333 0.333333333333 0.333333333333 0.333333333333 0.333333333333 1.0 0.333333333333 0.333333333333 0.666666666667
1206695 0.1 0.5 0.8 0.6 0.5 0.8 0.7 1.0 0.1 0.4
1206841 1.0 0.5 0.6 1.0 0.6 1.0 0.7 0.7 1.0 0.4
1207986 0.5 0.8 0.4 1.0 0.5 0.8 0.9 1.0 0.1 0.4
1208301 0.333333333333 0.666666666667 1.0 0.333333333333 0.666666666667 0.333333333333 1.0 0.333333333333 0.333333333333 0.666666666667
1210963 1.0 1.0 1.0 0.8 0.6 0.8 0.7 1.0 0.1 0.4
1211202 0.7 0.5 1.0 1.0 1.0 1.0 0.4 1.0 0.3 0.4
1212232 1.0 0.2 0.2 0.2 0.4 0.2 0.4 0.2 0.2 0.4
1212251 0.333333333333 0.333333333333 0.333333333333 0.333333333333 0.666666666667 0.333333333333 1.0 0.333333333333 0.333333333333 0.666666666667
1212422 1.0 0.333333333333 0.333333333333 0.333333333333 0.666666666667 0.333333333333 1.0 0.333333333333 0.333333333333 0.666666666667
1212422 1.0 0.25 0.25 0.25 0.5 0.25 0.75 0.25 0.25 0.5
1213375 1.0 0.5 0.5 0.625 0.5 0.875 0.875 1.0 0.25 0.25
1213383 1.0 0.2 0.2 0.8 0.4 0.2 0.6 0.2 0.2 0.4
1214092 0.5 0.5 0.5 0.5 1.0 0.5 0.5 0.5 0.5 1.0
1214556 1.0 0.333333333333 0.333333333333 0.333333333333 0.666666666667 0.333333333333 0.666666666667 0.333333333333 0.333333333333 0.666666666667
1214966 0.9 0.7 0.7 0.5 0.5 1.0 0.7 0.8 0.3 0.4
1216694 1.0 0.8 0.8 0.4 1.0 1.0 0.8 0.1 0.1 0.4
1216947 0.333333333333 0.333333333333 0.333333333333 0.333333333333 0.666666666667 0.333333333333 1.0 0.333333333333 0.333333333333 0.666666666667
1217051 1.0 0.2 0.2 0.2 0.4 0.2 0.6 0.2 0.2 0.4
1217264 0.333333333333 0.333333333333 0.333333333333 0.333333333333 0.666666666667 0.333333333333 1.0 0.333333333333 0.333333333333 0.666666666667
1218105 0.5 1.0 1.0 0.9 0.6 1.0 0.7 1.0 0.5 0.4
1218741 1.0 1.0 0.9 0.3 0.7 0.5 0.3 0.5 0.1 0.4
1218860 0.333333333333 0.333333333333 0.333333333333 0.333333333333 0.333333333333 0.333333333333 1.0 0.333333333333 0.333333333333 0.666666666667
1218860 0.333333333333 0.333333333333 0.333333333333 0.333333333333 0.333333333333 0.333333333333 1.0 0.333333333333 0.333333333333 0.666666666667
1219406 1.0 0.2 0.2 0.2 0.2 0.2 0.6 0.2 0.2 0.4
1219525 0.8 1.0 1.0 1.0 0.5 1.0 0.8 1.0 0.6 0.4
1219859 0.8 1.0 0.8 0.8 0.4 0.8 0.7 0.7 0.1 0.4
1220330 0.333333333333 0.333333333333 0.333333333333 0.333333333333 0.666666666667 0.333333333333 1.0 0.333333333333 0.333333333333 0.666666666667
1221863 1.0 1.0 1.0 1.0 0.7 1.0 0.7 1.0 0.4 0.4
1222047 1.0 1.0 1.0 1.0 0.3 1.0 1.0 0.6 0.1 0.4
1222936 0.8 0.7 0.8 0.7 0.5 0.5 0.5 1.0 0.2 0.4
1223282 0.5 0.5 0.5 0.5 1.0 0.5 1.0 0.5 0.5 1.0
1223426 0.333333333333 0.333333333333 0.333333333333 0.333333333333 0.666666666667 0.333333333333 1.0 0.333333333333 0.333333333333 0.666666666667
1223793 0.6 1.0 0.7 0.7 0.6 0.4 0.8 1.0 0.2 0.4
1223967 1.0 0.166666666667 0.5 0.166666666667 0.333333333333 0.166666666667 0.5 0.166666666667 0.166666666667 0.333333333333
1224329 0.333333333333 0.333333333333 0.333333333333 0.666666666667 0.666666666667 0.333333333333 1.0 0.333333333333 0.333333333333 0.666666666667
1225799 1.0 0.6 0.4 0.3 1.0 1.0 0.9 1.0 0.1 0.4
1226012 0.8 0.2 0.2 0.6 0.2 1.0 0.4 0.2 0.2 0.8
1226612 0.875 0.625 0.75 0.375 0.375 1.0 0.875 0.5 0.125 0.5
1227210 1.0 0.5 0.5 0.6 0.3 1.0 0.7 0.9 0.2 0.4
1227244 0.5 0.5 0.5 0.5 1.0 0.5 1.0 0.5 0.5 1.0
1227481 1.0 0.5 0.7 0.4 0.4 1.0 0.8 0.9 0.1 0.4
1228152 0.888888888889 1.0 1.0 0.555555555556 0.333333333333 0.555555555556 0.777777777778 0.777777777778 0.111111111111 0.444444444444
1228311 0.333333333333 0.333333333333 0.333333333333 0.333333333333 0.333333333333 0.333333333333 1.0 0.333333333333 0.333333333333 0.666666666667
1230175 1.0 1.0 1.0 0.3 1.0 1.0 0.9 1.0 0.1 0.4
1230688 1.0 0.571428571429 1.0 0.571428571429 0.428571428571 1.0 1.0 0.857142857143 0.142857142857 0.571428571429
1231387 0.666666666667 0.888888888889 0.777777777778 0.555555555556 0.666666666667 0.888888888889 0.888888888889 1.0 0.222222222222 0.444444444444
1231706 1.0 0.5 0.75 0.375 0.375 0.125 0.5 0.375 0.125 0.25
1232225 1.0 0.4 0.5 0.5 0.5 1.0 0.4 0.1 0.1 0.4
1236043 0.5 0.5 0.333333333333 0.166666666667 0.5 0.166666666667 0.5 1.0 0.166666666667 0.333333333333
1241232 0.047619047619 0.015873015873 0.0634920634921 0.015873015873 0.031746031746 1.0 0.047619047619 0.015873015873 0.015873015873 0.031746031746
1241559 1.0 0.8 0.8 0.2 0.8 1.0 0.4 0.8 1.0 0.4
1241679 0.9 0.8 0.8 0.5 0.6 0.2 0.4 1.0 0.4 0.4
1242364 0.8 1.0 1.0 0.8 0.6 0.9 0.3 1.0 1.0 0.4
1243256 1.0 0.4 0.3 0.2 0.3 1.0 0.5 0.3 0.2 0.4
1270479 1.0 0.2 0.6 0.6 0.4 0.4 0.4 0.6 0.2 0.4
1276091 1.0 0.333333333333 0.333333333333 1.0 0.333333333333 0.333333333333 1.0 0.333333333333 0.333333333333 0.666666666667
1277018 0.666666666667 0.333333333333 0.333333333333 0.333333333333 0.666666666667 0.333333333333 1.0 0.333333333333 0.333333333333 0.666666666667
128059 0.2 0.2 0.2 0.2 0.4 1.0 1.0 0.2 0.2 0.4
1285531 0.333333333333 0.333333333333 0.333333333333 0.333333333333 0.666666666667 0.333333333333 1.0 0.333333333333 0.333333333333 0.666666666667
1287775 1.0 0.2 0.2 0.4 0.4 0.4 0.6 0.2 0.2 0.4
144888 0.8 1.0 1.0 0.8 0.5 1.0 0.7 0.8 0.1 0.4
145447 0.888888888889 0.444444444444 0.444444444444 0.111111111111 0.222222222222 1.0 0.333333333333 0.333333333333 0.111111111111 0.444444444444
167528 0.666666666667 0.166666666667 0.166666666667 0.166666666667 0.333333333333 0.166666666667 0.5 1.0 0.166666666667 0.333333333333
169356 0.047619047619 0.015873015873 0.015873015873 0.015873015873 0.031746031746 1.0 0.047619047619 0.015873015873 0.015873015873 0.031746031746
183913 0.5 1.0 1.0 0.5 1.0 0.5 0.5 0.5 0.5 1.0
191250 1.0 0.4 0.4 1.0 0.2 1.0 0.5 0.3 0.3 0.4
1017023 0.6 0.3 0.3 0.5 0.3 1.0 0.3 0.5 0.3 0.2
1100524 0.6 1.0 1.0 0.2 0.8 1.0 0.7 0.3 0.3 0.4
1116116 0.9 1.0 1.0 0.1 1.0 0.8 0.3 0.3 0.1 0.4
1168736 0.5 0.6 0.6 0.2 0.4 1.0 0.3 0.6 0.1 0.4
1182404 1.0 0.333333333333 0.333333333333 0.333333333333 0.666666666667 0.333333333333 0.333333333333 0.333333333333 0.333333333333 0.666666666667
1182404 1.0 0.333333333333 0.333333333333 0.333333333333 0.666666666667 0.333333333333 0.666666666667 0.333333333333 0.333333333333 0.666666666667
1198641 1.0 0.333333333333 0.333333333333 0.333333333333 0.666666666667 0.333333333333 1.0 0.333333333333 0.333333333333 0.666666666667
242970 0.625 0.875 0.875 0.125 0.625 1.0 0.375 0.5 0.125 0.25
255644 1.0 0.5 0.8 1.0 0.3 1.0 0.5 0.1 0.3 0.4
263538 0.5 1.0 1.0 0.6 1.0 1.0 1.0 0.6 0.5 0.4
274137 0.8 0.8 0.9 0.4 0.5 1.0 0.7 0.8 0.1 0.4
303213 1.0 0.4 0.4 1.0 0.6 1.0 0.5 0.5 0.1 0.4
314428 0.7 0.9 0.4 1.0 1.0 0.3 0.5 0.3 0.3 0.4
1182404 1.0 0.2 0.8 0.2 0.4 0.2 0.6 0.4 0.2 0.4
1198641 1.0 1.0 0.6 0.3 0.3 1.0 0.4 0.3 0.2 0.4
320675 0.3 0.3 0.5 0.2 0.3 1.0 0.7 0.1 0.1 0.4
324427 1.0 0.8 0.8 0.2 0.3 0.4 0.8 0.7 0.8 0.4
385103 0.333333333333 0.333333333333 0.333333333333 0.333333333333 0.666666666667 0.333333333333 1.0 0.333333333333 0.333333333333 0.666666666667
390840 0.8 0.4 0.7 0.1 0.3 1.0 0.3 0.9 0.2 0.4
411453 1.0 0.2 0.2 0.2 0.4 0.2 0.6 0.2 0.2 0.4
320675 0.3 0.3 0.5 0.2 0.3 1.0 0.7 0.1 0.1 0.4
428903 1.0 0.285714285714 0.571428571429 0.142857142857 0.428571428571 0.571428571429 0.428571428571 0.428571428571 0.142857142857 0.571428571429
431495 1.0 0.333333333333 0.333333333333 0.333333333333 0.666666666667 0.333333333333 1.0 0.666666666667 0.333333333333 0.666666666667
432809 0.047619047619 0.015873015873 0.047619047619 0.015873015873 0.031746031746 1.0 0.031746031746 0.015873015873 0.015873015873 0.031746031746
434518 1.0 0.333333333333 0.333333333333 0.333333333333 0.666666666667 0.333333333333 0.666666666667 0.333333333333 0.333333333333 0.666666666667
452264 0.5 0.5 0.5 0.5 1.0 0.5 1.0 0.5 0.5 1.0
456282 0.333333333333 0.333333333333 0.333333333333 0.333333333333 0.666666666667 0.333333333333 1.0 0.333333333333 0.333333333333 0.666666666667
476903 1.0 0.5 0.7 0.3 0.3 0.7 0.3 0.3 0.8 0.4
486283 1.0 0.333333333333 0.333333333333 0.333333333333 0.666666666667 0.333333333333 1.0 0.333333333333 0.333333333333 0.666666666667
486662 0.666666666667 0.333333333333 0.333333333333 0.666666666667 0.666666666667 0.333333333333 1.0 0.333333333333 0.333333333333 0.666666666667
488173 0.1 0.4 0.3 1.0 0.4 1.0 0.5 0.6 0.1 0.4
492268 1.0 0.4 0.6 0.1 0.2 1.0 0.5 0.3 0.1 0.4
508234 0.7 0.4 0.5 1.0 0.2 1.0 0.3 0.8 0.2 0.4
527363 0.8 1.0 1.0 1.0 0.8 1.0 1.0 0.7 0.3 0.4
529329 1.0 1.0 1.0 1.0 1.0 1.0 0.4 1.0 1.0 0.4
535331 1.0 0.333333333333 0.333333333333 0.333333333333 1.0 0.333333333333 0.666666666667 0.333333333333 0.333333333333 0.666666666667
543558 0.6 0.1 0.3 0.1 0.4 0.5 0.5 1.0 0.1 0.4
555977 0.5 0.6 0.6 0.8 0.6 1.0 0.4 1.0 0.4 0.4
560680 0.5 0.5 0.5 0.5 1.0 0.5 0.5 0.5 0.5 1.0
561477 0.333333333333 0.333333333333 0.333333333333 0.333333333333 0.666666666667 0.333333333333 1.0 0.333333333333 0.333333333333 0.666666666667
563649 0.126984126984 0.126984126984 0.126984126984 0.015873015873 0.031746031746 1.0 0.0952380952381 0.15873015873 0.015873015873 0.0634920634921
601265 1.0 0.4 0.4 0.6 0.2 1.0 0.2 0.3 0.1 0.4
606140 0.015873015873 0.015873015873 0.015873015873 0.015873015873 0.031746031746 1.0 0.031746031746 0.015873015873 0.015873015873 0.031746031746
606722 0.5 0.5 0.7 0.8 0.6 1.0 0.7 0.4 0.1 0.4
616240 0.714285714286 0.428571428571 0.571428571429 0.428571428571 0.571428571429 0.714285714286 0.571428571429 1.0 0.142857142857 0.285714285714
61634 0.0793650793651 0.0634920634921 0.047619047619 0.015873015873 0.031746031746 1.0 0.031746031746 0.047619047619 0.015873015873 0.031746031746
625201 1.0 0.25 0.125 0.125 0.625 0.125 0.125 0.125 0.125 0.25
63375 0.9 0.1 0.2 0.6 0.4 1.0 0.7 0.7 0.2 0.4
635844 0.8 0.4 1.0 0.5 0.4 0.4 0.7 1.0 0.1 0.4
636130 0.333333333333 0.333333333333 0.333333333333 0.333333333333 0.666666666667 0.333333333333 1.0 0.333333333333 0.333333333333 0.666666666667
640744 1.0 1.0 1.0 0.7 0.9 1.0 0.7 1.0 1.0 0.4
646904 0.333333333333 0.333333333333 0.333333333333 0.333333333333 0.666666666667 0.333333333333 1.0 0.333333333333 0.333333333333 0.666666666667
653777 0.8 0.3 0.4 0.9 0.3 1.0 0.3 0.3 0.1 0.4
659642 1.0 0.8 0.4 0.4 0.4 1.0 0.3 1.0 0.4 0.4
666090 0.333333333333 0.333333333333 0.333333333333 0.333333333333 0.666666666667 0.333333333333 1.0 0.333333333333 0.333333333333 0.666666666667
666942 0.333333333333 0.333333333333 0.333333333333 0.333333333333 0.666666666667 0.333333333333 1.0 0.333333333333 0.333333333333 0.666666666667
667204 0.875 1.0 0.875 0.75 0.5 0.375 1.0 1.0 0.5 0.5
673637 0.6 0.2 0.2 0.2 0.4 1.0 1.0 0.2 0.2 0.4
684955 0.666666666667 0.333333333333 0.333333333333 0.333333333333 1.0 0.333333333333 0.666666666667 0.333333333333 0.333333333333 0.666666666667
688033 0.5 0.5 0.5 0.5 1.0 0.5 0.5 0.5 0.5 1.0
691628 0.8 0.6 0.4 1.0 1.0 0.1 0.3 0.5 0.1 0.4
693702 0.5 0.5 0.5 0.5 1.0 0.5 0.5 0.5 0.5 1.0
704097 0.5 0.5 0.5 0.5 0.5 0.5 1.0 0.5 0.5 1.0
704168 0.0634920634921 0.0952380952381 0.0793650793651 0.0952380952381 0.111111111111 1.0 0.0634920634921 0.142857142857 0.015873015873 0.031746031746
706426 0.5 0.5 0.5 0.2 0.5 1.0 0.4 0.3 0.1 0.4
709287 0.666666666667 0.888888888889 0.777777777778 0.888888888889 0.666666666667 0.888888888889 0.888888888889 1.0 0.111111111111 0.444444444444
718641 0.2 0.2 0.2 0.2 1.0 0.2 0.6 0.2 0.2 0.4
721482 0.571428571429 0.571428571429 0.571428571429 0.571428571429 0.857142857143 0.714285714286 1.0 0.428571428571 0.142857142857 0.285714285714
730881 0.7 0.6 0.3 0.2 0.5 1.0 0.7 0.4 0.6 0.4
733639 0.047619047619 0.015873015873 0.015873015873 0.015873015873 0.031746031746 1.0 0.047619047619 0.015873015873 0.015873015873 0.031746031746
733639 1.0 0.333333333333 0.333333333333 0.333333333333 0.666666666667 0.333333333333 1.0 0.333333333333 0.333333333333 0.666666666667
733823 0.5 0.4 0.6 1.0 0.2 1.0 0.4 0.1 0.1 0.4
740492 0.333333333333 0.333333333333 0.333333333333 0.333333333333 0.666666666667 0.333333333333 1.0 0.333333333333 0.333333333333 0.666666666667
743348 1.0 0.666666666667 0.666666666667 0.333333333333 0.666666666667 0.333333333333 0.666666666667 1.0 0.333333333333 0.666666666667
752904 1.0 0.1 0.1 0.1 0.2 1.0 0.5 0.4 0.1 0.4
756136 0.5 0.5 0.5 0.5 1.0 0.5 1.0 0.5 0.5 1.0
760001 0.8 1.0 0.3 0.2 0.6 0.4 0.3 1.0 0.1 0.4
760239 1.0 0.4 0.6 0.4 0.5 1.0 0.7 0.1 0.1 0.4
76389 1.0 0.4 0.7 0.2 0.2 0.8 0.6 0.1 0.1 0.4
764974 1.0 0.2 0.2 0.2 0.4 0.2 0.6 0.2 0.4 0.4
770066 1.0 0.4 0.4 0.4 0.4 0.2 0.4 0.4 0.2 0.4
785208 0.5 0.4 0.6 0.6 0.4 1.0 0.4 0.3 0.1 0.4
785615 0.8 0.6 0.7 0.3 0.3 1.0 0.3 0.4 0.2 0.4
792744 0.5 0.5 0.5 0.5 1.0 0.5 0.5 0.5 0.5 1.0
797327 0.6 0.5 0.5 0.8 0.4 1.0 0.3 0.4 0.1 0.4
798429 0.333333333333 0.333333333333 0.333333333333 0.333333333333 0.666666666667 0.333333333333 1.0 0.333333333333 0.333333333333 0.666666666667
704097 0.5 0.5 0.5 0.5 0.5 0.5 1.0 0.5 0.5 1.0
806423 0.8 0.5 0.5 0.5 0.2 1.0 0.4 0.3 0.1 0.4
809912 1.0 0.3 0.3 0.1 0.2 1.0 0.7 0.6 0.1 0.4
810104 0.333333333333 0.333333333333 0.333333333333 0.333333333333 0.666666666667 0.333333333333 1.0 0.333333333333 0.333333333333 0.666666666667
814265 1.0 0.5 0.5 0.5 1.0 0.5 0.5 0.5 0.5 1.0
814911 0.5 0.5 0.5 0.5 1.0 0.5 0.5 0.5 0.5 1.0
822829 0.7 0.6 0.4 0.8 1.0 1.0 0.9 0.5 0.3 0.4
826923 0.5 0.5 0.5 0.5 1.0 0.5 0.5 0.5 0.5 1.0
830690 1.0 0.4 0.4 0.4 0.6 0.2 0.2 0.6 0.2 0.4
831268 0.333333333333 0.333333333333 0.333333333333 0.333333333333 0.333333333333 0.333333333333 0.333333333333 1.0 0.333333333333 0.666666666667
832226 0.3 0.4 0.4 1.0 0.5 0.1 0.3 0.3 0.1 0.4
832567 0.5 0.25 0.375 0.625 0.375 1.0 0.875 0.75 0.125 0.5
836433 1.0 0.2 0.2 0.6 0.4 0.2 0.2 0.2 0.2 0.4
837082 0.666666666667 0.333333333333 0.333333333333 0.333333333333 0.666666666667 0.333333333333 1.0 0.333333333333 0.333333333333 0.666666666667
846832 0.428571428571 0.571428571429 0.714285714286 0.428571428571 1.0 0.428571428571 0.571428571429 0.857142857143 0.142857142857 0.285714285714
850831 0.2 0.7 1.0 1.0 0.7 1.0 0.4 0.9 0.4 0.4
855524 0.5 0.5 0.5 0.5 1.0 0.5 1.0 0.5 0.5 1.0
857774 1.0 0.25 0.25 0.25 0.75 0.25 0.5 0.5 0.25 0.5
859164 1.0 0.6 0.6 0.2 0.6 0.6 0.6 0.6 0.6 0.8
859350 0.8 1.0 1.0 0.7 1.0 1.0 0.7 0.3 0.8 0.4
866325 0.8 1.0 0.5 0.3 0.8 0.4 0.4 1.0 0.3 0.4
873549 1.0 0.3 0.5 0.4 0.3 0.7 0.3 0.5 0.3 0.4
877291 0.6 1.0 1.0 1.0 1.0 1.0 0.8 1.0 1.0 0.4
877943 0.3 1.0 0.3 1.0 0.6 1.0 0.5 0.1 0.4 0.4
888169 0.75 0.5 0.5 0.25 1.0 0.75 0.5 0.25 0.25 0.5
888523 1.0 1.0 1.0 0.5 0.5 0.75 0.5 0.25 0.25 0.5
896404 0.666666666667 0.333333333333 0.333333333333 0.333333333333 0.666666666667 0.333333333333 1.0 0.333333333333 0.333333333333 0.666666666667
897172 1.0 0.5 0.5 0.5 1.0 0.5 1.0 0.5 0.5 1.0
95719 0.6 1.0 1.0 1.0 0.8 1.0 0.7 1.0 0.7 0.4
160296 0.5 0.8 0.8 1.0 0.5 1.0 0.8 1.0 0.3 0.4
342245 0.333333333333 0.333333333333 1.0 0.333333333333 0.666666666667 0.333333333333 0.333333333333 0.333333333333 0.333333333333 0.666666666667
428598 0.333333333333 0.333333333333 1.0 0.333333333333 0.333333333333 0.333333333333 0.666666666667 0.333333333333 0.333333333333 0.666666666667
492561 1.0 0.75 0.5 0.25 0.75 0.25 0.5 0.25 0.25 0.5
493452 0.333333333333 0.333333333333 1.0 0.333333333333 0.666666666667 0.333333333333 0.333333333333 0.333333333333 0.333333333333 0.666666666667
493452 1.0 0.25 0.5 0.25 0.5 0.25 0.5 0.25 0.25 0.5
521441 1.0 0.2 0.2 0.4 0.4 0.2 0.4 0.2 0.2 0.4
560680 1.0 0.333333333333 0.666666666667 0.333333333333 0.666666666667 0.333333333333 0.666666666667 0.333333333333 0.333333333333 0.666666666667
636437 0.5 0.5 0.5 0.5 1.0 0.5 0.5 0.5 0.5 1.0
640712 0.5 0.5 0.5 0.5 1.0 0.5 1.0 0.5 0.5 1.0
654244 0.5 0.5 0.5 0.5 0.5 0.5 1.0 0.5 0.5 1.0
657753 0.75 0.25 0.25 1.0 0.75 0.25 0.5 0.5 0.25 0.5
685977 1.0 0.6 0.8 0.2 0.8 0.2 0.6 0.2 0.2 0.4
805448 0.5 0.5 0.5 0.5 1.0 0.5 0.5 0.5 0.5 1.0
846423 1.0 0.6 0.3 0.6 0.4 1.0 0.7 0.8 0.4 0.4
1002504 1.0 0.666666666667 0.666666666667 0.666666666667 0.666666666667 0.333333333333 1.0 0.666666666667 0.333333333333 0.666666666667
1022257 1.0 0.5 0.5 0.5 1.0 0.5 0.5 0.5 0.5 1.0
1026122 1.0 0.5 0.5 0.5 1.0 0.5 0.5 0.5 0.5 1.0
1071084 1.0 1.0 0.666666666667 0.666666666667 1.0 0.333333333333 0.333333333333 0.666666666667 1.0 0.666666666667
1080233 0.7 0.6 0.6 0.3 0.2 1.0 0.7 0.1 0.1 0.4
1114570 1.0 0.6 0.6 0.4 0.6 0.2 0.6 0.2 0.2 0.4
1114570 1.0 0.5 0.5 0.5 1.0 0.5 1.0 1.0 0.5 1.0
1116715 1.0 0.2 0.2 0.2 0.6 0.4 0.4 0.4 0.2 0.4
1131411 0.5 0.5 0.5 1.0 1.0 0.5 1.0 0.5 0.5 1.0
1151734 1.0 0.8 0.7 0.4 0.3 1.0 0.7 0.9 0.1 0.4
1156017 1.0 0.333333333333 0.333333333333 0.333333333333 0.666666666667 0.333333333333 0.666666666667 0.333333333333 0.333333333333 0.666666666667
1158247 0.5 0.5 0.5 0.5 0.5 0.5 0.5 0.5 0.5 1.0
1158405 0.333333333333 0.666666666667 1.0 0.333333333333 0.666666666667 0.333333333333 0.666666666667 0.333333333333 0.333333333333 0.666666666667
1168278 1.0 0.333333333333 0.333333333333 0.333333333333 0.666666666667 0.333333333333 0.666666666667 0.333333333333 0.333333333333 0.666666666667
1176187 1.0 0.333333333333 0.333333333333 0.333333333333 0.666666666667 0.333333333333 1.0 0.333333333333 0.333333333333 0.666666666667
1196263 1.0 0.25 0.25 0.25 0.5 0.25 0.25 0.25 0.25 0.5
1196475 1.0 0.666666666667 0.333333333333 0.333333333333 0.666666666667 0.333333333333 0.666666666667 0.666666666667 0.333333333333 0.666666666667
1206314 0.333333333333 0.666666666667 1.0 0.333333333333 0.666666666667 0.333333333333 0.333333333333 0.333333333333 0.333333333333 0.666666666667
1211265 0.3 1.0 0.8 0.7 0.6 0.9 0.9 0.3 0.8 0.4
1213784 1.0 0.333333333333 0.333333333333 0.333333333333 0.666666666667 0.333333333333 0.333333333333 0.333333333333 0.333333333333 0.666666666667
1223003 1.0 0.6 0.6 0.2 0.4 0.2 0.4 0.2 0.2 0.4
1223306 0.75 0.25 0.25 0.25 0.5 1.0 0.25 0.25 0.25 0.5
1223543 0.333333333333 0.666666666667 0.333333333333 1.0 0.666666666667 0.333333333333 0.333333333333 0.666666666667 0.333333333333 0.666666666667
1229929 0.5 0.5 0.5 0.5 1.0 0.5 1.0 0.5 0.5 1.0
1231853 1.0 0.5 0.5 0.25 0.5 0.25 0.5 0.25 0.25 0.5
1234554 0.5 0.5 0.5 0.5 1.0 0.5 1.0 0.5 0.5 1.0
1236837 0.666666666667 1.0 0.666666666667 0.666666666667 0.666666666667 0.666666666667 1.0 0.333333333333 0.333333333333 0.666666666667
1237674 1.0 0.333333333333 0.666666666667 0.333333333333 0.666666666667 0.333333333333 0.666666666667 0.333333333333 0.333333333333 0.666666666667
1238021 0.5 0.5 0.5 0.5 1.0 0.5 1.0 0.5 0.5 1.0
1238464 0.015873015873 0.015873015873 0.015873015873 0.015873015873 0.015873015873 1.0 0.031746031746 0.015873015873 0.015873015873 0.031746031746
1238633 1.0 1.0 1.0 0.6 0.8 0.4 0.8 0.5 0.1 0.4
1238915 1.0 0.2 0.4 0.2 0.4 0.2 0.6 0.2 0.2 0.4
1238948 0.8 0.5 0.6 0.2 0.3 1.0 0.6 0.6 0.1 0.4
1239232 0.5 0.5 0.333333333333 1.0 0.5 0.5 0.5 0.833333333333 0.166666666667 0.333333333333
1239347 0.8 0.7 0.8 0.5 1.0 1.0 0.7 0.2 0.1 0.4
1239967 0.5 0.5 0.5 0.5 1.0 0.5 1.0 0.5 0.5 1.0
1240337 1.0 0.4 0.4 0.4 0.4 0.4 0.6 0.4 0.4 0.4
1253505 0.4 0.6 0.2 0.2 1.0 0.2 0.2 0.2 0.2 0.4
1255384 1.0 0.666666666667 0.666666666667 1.0 0.666666666667 1.0 1.0 0.333333333333 0.333333333333 0.666666666667
1257200 1.0 1.0 1.0 0.7 1.0 1.0 0.8 0.2 0.1 0.4
1257648 1.0 0.75 0.75 0.25 0.5 0.25 0.75 0.75 0.25 0.5
1257815 1.0 0.2 0.6 0.2 0.4 0.2 0.4 0.2 0.2 0.4
1257938 1.0 0.333333333333 0.333333333333 0.333333333333 0.666666666667 0.333333333333 0.333333333333 0.333333333333 0.333333333333 0.666666666667
1258549 0.9 1.0 1.0 1.0 1.0 1.0 1.0 1.0 0.1 0.4
1258556 0.833333333333 0.5 1.0 0.166666666667 0.333333333333 0.166666666667 0.166666666667 0.166666666667 0.166666666667 0.333333333333
1266154 0.8 0.7 0.8 0.2 0.4 0.2 0.5 1.0 0.1 0.4
1272039 0.5 0.5 0.5 0.5 1.0 0.5 1.0 0.5 0.5 1.0
1276091 1.0 0.5 0.5 0.5 1.0 0.5 1.0 0.5 0.5 1.0
1276091 0.333333333333 1.0 0.333333333333 0.333333333333 0.666666666667 0.333333333333 0.666666666667 0.666666666667 0.333333333333 0.666666666667
1276091 1.0 0.2 0.2 0.6 0.8 0.2 0.6 0.4 0.2 0.4
1277629 1.0 0.2 0.2 0.2 0.4 0.2 0.4 0.4 0.2 0.4
1293439 1.0 0.666666666667 0.666666666667 1.0 0.666666666667 0.333333333333 0.333333333333 0.333333333333 0.333333333333 0.666666666667
1293439 0.666666666667 1.0 0.777777777778 0.555555555556 0.555555555556 0.888888888889 0.444444444444 0.222222222222 0.111111111111 0.222222222222
1294562 1.0 0.8 1.0 0.1 0.3 1.0 0.5 0.1 0.1 0.4
1295186 1.0 1.0 1.0 0.1 0.6 0.1 0.2 0.8 0.1 0.4
527337 1.0 0.25 0.25 0.25 0.5 0.25 0.25 0.25 0.25 0.5
558538 1.0 0.25 0.75 0.75 0.5 0.25 0.25 0.25 0.25 0.5
566509 1.0 0.2 0.2 0.2 0.4 0.2 0.2 0.2 0.2 0.4
608157 1.0 0.4 0.3 1.0 0.4 1.0 1.0 0.1 0.1 0.4
677910 1.0 0.4 0.4 0.8 0.4 0.8 0.2 0.2 0.2 0.4
734111 0.333333333333 0.333333333333 0.333333333333 1.0 0.666666666667 1.0 0.333333333333 0.333333333333 0.333333333333 0.666666666667
734111 0.5 0.5 0.5 0.5 1.0 1.0 0.5 0.5 0.5 1.0
780555 0.833333333333 0.166666666667 0.166666666667 1.0 0.5 0.166666666667 0.333333333333 0.166666666667 0.166666666667 0.333333333333
827627 1.0 0.5 0.5 0.5 1.0 0.5 0.5 0.5 0.5 1.0
1049837 0.5 0.5 0.5 0.5 1.0 0.5 0.5 0.5 0.5 1.0
1058849 1.0 0.2 0.2 0.2 0.4 0.2 0.2 0.2 0.2 0.4
1182404 0.5 0.5 0.5 0.5 0.5 0.5 0.5 0.5 0.5 1.0
1193544 0.5 0.7 0.9 0.8 0.6 1.0 0.8 1.0 0.1 0.4
1201870 1.0 0.25 0.25 0.75 0.25 0.25 0.5 0.25 0.25 0.5
1202253 1.0 0.2 0.2 0.2 0.4 0.2 0.2 0.2 0.2 0.4
1227081 1.0 0.333333333333 0.333333333333 1.0 0.666666666667 0.333333333333 0.333333333333 0.333333333333 0.333333333333 0.666666666667
1230994 0.4 0.5 0.5 0.8 0.6 1.0 1.0 0.7 0.1 0.4
1238410 0.666666666667 1.0 0.333333333333 0.333333333333 1.0 0.333333333333 0.333333333333 0.333333333333 0.333333333333 0.666666666667
1246562 1.0 0.2 0.2 0.1 0.2 0.6 0.1 0.1 0.2 0.4
1257470 1.0 0.6 0.5 0.8 0.5 1.0 0.8 0.6 0.1 0.4
1259008 0.8 0.8 0.9 0.6 0.6 0.3 1.0 1.0 0.1 0.4
1266124 1.0 0.2 0.4 0.2 0.4 0.2 0.2 0.2 0.2 0.4
1267898 1.0 0.2 0.6 0.2 0.4 0.2 0.2 0.2 0.2 0.4
1268313 1.0 0.2 0.2 0.6 0.4 0.2 0.2 0.2 0.2 0.4
1268804 0.6 0.2 0.2 0.2 0.4 1.0 0.2 0.2 0.2 0.4
1276091 1.0 0.166666666667 0.166666666667 0.5 0.333333333333 0.166666666667 0.166666666667 0.166666666667 0.166666666667 0.333333333333
1280258 1.0 0.25 0.25 0.25 0.5 0.25 0.25 0.5 0.25 0.5
1293966 1.0 0.25 0.25 0.25 0.5 0.25 0.25 0.25 0.25 0.5
1296572 1.0 0.9 0.8 0.7 0.6 0.4 0.7 1.0 0.3 0.4
1298416 1.0 0.6 0.6 0.2 0.4 1.0 0.9 0.7 0.1 0.4
1299596 0.6 0.6 0.6 0.5 0.4 1.0 0.7 0.6 0.2 0.4
1105524 1.0 0.25 0.25 0.25 0.5 0.25 0.25 0.25 0.25 0.5
1181685 0.5 0.5 1.0 0.5 1.0 0.5 1.0 0.5 0.5 1.0
1211594 1.0 0.333333333333 0.333333333333 0.333333333333 0.333333333333 0.333333333333 0.666666666667 0.333333333333 0.333333333333 0.666666666667
1238777 1.0 0.166666666667 0.166666666667 0.5 0.333333333333 0.166666666667 0.166666666667 0.166666666667 0.166666666667 0.333333333333
1257608 1.0 0.166666666667 0.166666666667 0.166666666667 0.166666666667 0.166666666667 0.166666666667 0.166666666667 0.166666666667 0.333333333333
1269574 1.0 0.25 0.25 0.25 0.5 0.25 0.25 0.25 0.25 0.5
1277145 1.0 0.2 0.2 0.2 0.4 0.2 0.2 0.2 0.2 0.4
1287282 1.0 0.333333333333 0.333333333333 0.333333333333 0.666666666667 0.333333333333 0.333333333333 0.333333333333 0.333333333333 0.666666666667
1296025 1.0 0.25 0.5 0.25 0.5 0.25 0.25 0.25 0.25 0.5
1296263 1.0 0.25 0.25 0.25 0.5 0.25 0.25 0.25 0.25 0.5
1296593 1.0 0.4 0.2 0.2 0.4 0.2 0.2 0.2 0.2 0.4
1299161 0.4 0.8 0.7 1.0 0.4 1.0 0.7 0.5 0.1 0.4
1301945 1.0 0.2 0.2 0.2 0.2 0.2 0.2 0.2 0.2 0.4
1302428 1.0 0.6 0.4 0.8 0.4 0.2 0.2 0.2 0.2 0.4
1318169 0.9 1.0 1.0 1.0 1.0 0.5 1.0 1.0 1.0 0.4
474162 0.8 0.7 0.8 0.5 0.5 1.0 0.9 1.0 0.1 0.4
787451 1.0 0.2 0.4 0.2 0.4 0.2 0.2 0.2 0.2 0.4
1002025 0.333333333333 0.333333333333 0.333333333333 1.0 0.333333333333 1.0 0.333333333333 0.333333333333 0.333333333333 0.666666666667
1070522 1.0 0.333333333333 0.333333333333 0.333333333333 0.333333333333 0.333333333333 0.666666666667 0.333333333333 0.333333333333 0.666666666667
1073960 1.0 1.0 1.0 1.0 0.6 1.0 0.8 0.1 0.5 0.4
1076352 0.3 0.6 0.4 1.0 0.3 0.3 0.3 0.4 0.1 0.4
1084139 1.0 0.5 0.333333333333 0.166666666667 0.5 0.666666666667 0.666666666667 0.166666666667 0.166666666667 0.666666666667
1115293 0.5 0.5 0.5 0.5 1.0 0.5 0.5 0.5 0.5 1.0
1119189 0.5 0.8 0.9 0.4 0.3 1.0 0.7 0.1 0.1 0.4
1133991 1.0 0.25 0.25 0.25 0.25 0.25 0.5 0.25 0.25 0.5
1142706 0.5 1.0 1.0 1.0 0.6 1.0 0.6 0.5 0.2 0.4
1155967 0.5 0.1 0.2 1.0 0.4 0.5 0.2 0.1 0.1 0.2
1170945 1.0 0.333333333333 0.333333333333 0.333333333333 0.333333333333 0.333333333333 0.666666666667 0.333333333333 0.333333333333 0.666666666667
1181567 0.5 0.5 0.5 0.5 0.5 0.5 0.5 0.5 0.5 1.0
1182404 1.0 0.5 0.25 0.25 0.5 0.25 0.25 0.25 0.25 0.5
1204558 1.0 0.25 0.25 0.25 0.5 0.25 0.5 0.25 0.25 0.5
1217952 1.0 0.25 0.25 0.25 0.5 0.25 0.5 0.25 0.25 0.5
1224565 1.0 0.166666666667 0.166666666667 0.166666666667 0.333333333333 0.166666666667 0.5 0.166666666667 0.166666666667 0.333333333333
1238186 1.0 0.25 0.25 0.25 0.5 0.25 0.5 0.25 0.25 0.5
1253917 1.0 0.25 0.25 0.5 0.5 0.25 0.5 0.25 0.25 0.5
1265899 1.0 0.25 0.25 0.25 0.5 0.25 0.75 0.25 0.25 0.5
1268766 0.5 0.5 0.5 0.5 1.0 0.5 0.5 0.5 0.5 1.0
1277268 1.0 1.0 0.333333333333 0.333333333333 0.666666666667 0.333333333333 0.333333333333 0.333333333333 0.333333333333 0.666666666667
1286943 0.8 1.0 1.0 1.0 0.7 0.5 0.4 0.8 0.7 0.4
1295508 0.25 0.25 0.25 0.25 0.5 1.0 0.25 0.25 0.25 0.5
1297327 1.0 0.2 0.2 0.2 0.4 0.2 0.2 0.2 0.2 0.4
1297522 1.0 0.5 0.5 0.5 1.0 0.5 0.5 0.5 0.5 1.0
1298360 0.5 0.5 0.5 0.5 1.0 0.5 0.5 0.5 0.5 1.0
1299924 1.0 0.2 0.2 0.2 0.4 0.2 0.4 0.2 0.2 0.4
1299994 1.0 0.2 0.2 0.2 0.4 0.2 0.2 0.2 0.2 0.4
1304595 1.0 0.333333333333 0.333333333333 0.333333333333 0.333333333333 0.333333333333 0.666666666667 0.333333333333 0.333333333333 0.666666666667
1306282 0.6 0.6 0.7 1.0 0.3 1.0 0.8 1.0 0.2 0.4
1313325 0.4 1.0 0.4 0.7 0.3 1.0 0.9 1.0 0.1 0.4
1320077 0.5 0.5 0.5 0.5 0.5 0.5 0.5 0.5 0.5 1.0
1320077 0.5 0.5 0.5 0.5 0.5 0.5 1.0 0.5 0.5 1.0
1320304 1.0 0.333333333333 0.666666666667 0.666666666667 0.666666666667 0.333333333333 0.333333333333 0.333333333333 0.333333333333 0.666666666667
1330439 0.4 0.7 0.8 0.3 0.4 1.0 0.9 0.1 0.1 0.4
333093 0.333333333333 0.333333333333 0.333333333333 0.333333333333 1.0 0.333333333333 0.333333333333 0.333333333333 0.333333333333 0.666666666667
369565 1.0 0.25 0.25 0.25 0.75 0.25 0.25 0.25 0.25 0.5
412300 1.0 0.4 0.5 0.4 0.3 0.5 0.7 0.3 0.1 0.4
672113 0.7 0.5 0.6 1.0 0.4 1.0 0.5 0.3 0.1 0.4
749653 1.0 0.333333333333 0.333333333333 0.333333333333 0.666666666667 0.333333333333 0.666666666667 0.333333333333 0.333333333333 0.666666666667
769612 1.0 0.333333333333 0.333333333333 0.666666666667 0.666666666667 0.333333333333 0.333333333333 0.333333333333 0.333333333333 0.666666666667
769612 1.0 0.25 0.25 0.25 0.5 0.25 0.25 0.25 0.25 0.5
798429 1.0 0.25 0.25 0.25 0.5 0.25 0.75 0.25 0.25 0.5
807657 1.0 0.166666666667 0.5 0.333333333333 0.333333333333 0.166666666667 0.166666666667 0.166666666667 0.166666666667 0.333333333333
8233704 1.0 0.25 0.25 0.25 0.25 0.25 0.5 0.25 0.25 0.5
837480 0.7 0.4 0.4 0.3 0.4 1.0 0.6 0.9 0.1 0.4
867392 1.0 0.5 0.5 0.25 0.5 0.25 0.5 0.25 0.25 0.5
869828 0.333333333333 0.333333333333 0.333333333333 0.333333333333 0.333333333333 0.333333333333 1.0 0.333333333333 0.333333333333 0.666666666667
1043068 1.0 0.333333333333 0.333333333333 0.333333333333 0.666666666667 0.333333333333 0.666666666667 0.333333333333 0.333333333333 0.666666666667
1056171 1.0 0.5 0.5 0.5 1.0 0.5 1.0 0.5 0.5 1.0
1061990 0.333333333333 0.333333333333 1.0 0.666666666667 0.666666666667 0.333333333333 1.0 0.333333333333 0.333333333333 0.666666666667
1113061 1.0 0.2 0.2 0.2 0.4 0.2 0.6 0.2 0.2 0.4
1116192 1.0 0.2 0.4 0.2 0.4 0.2 0.6 0.2 0.2 0.4
1135090 1.0 0.25 0.25 0.25 0.5 0.25 0.5 0.25 0.25 0.5
1145420 1.0 0.166666666667 0.166666666667 0.166666666667 0.333333333333 0.166666666667 0.333333333333 0.166666666667 0.166666666667 0.333333333333
1158157 1.0 0.2 0.2 0.2 0.4 0.4 0.4 0.2 0.2 0.4
1171578 1.0 0.333333333333 0.333333333333 0.333333333333 0.666666666667 0.333333333333 0.333333333333 0.333333333333 0.333333333333 0.666666666667
1174841 1.0 0.6 0.2 0.2 0.4 0.2 0.2 0.2 0.2 0.4
1184586 1.0 0.25 0.25 0.25 0.5 0.25 0.5 0.25 0.25 0.5
1186936 0.666666666667 0.333333333333 1.0 0.666666666667 0.666666666667 0.333333333333 0.666666666667 0.333333333333 0.333333333333 0.666666666667
1197527 1.0 0.2 0.2 0.2 0.4 0.2 0.4 0.2 0.2 0.4
1222464 0.6 1.0 1.0 1.0 0.4 1.0 0.7 1.0 0.1 0.4
1240603 1.0 0.5 0.5 0.5 0.5 0.5 0.5 0.5 0.5 1.0
1240603 1.0 0.333333333333 0.333333333333 0.333333333333 0.333333333333 0.333333333333 0.333333333333 0.333333333333 0.333333333333 0.666666666667
1241035 0.875 1.0 0.375 0.875 0.5 0.625 0.875 1.0 0.25 0.5
1287971 1.0 0.333333333333 0.333333333333 0.333333333333 0.666666666667 0.333333333333 0.666666666667 0.333333333333 0.333333333333 0.666666666667
1289391 0.333333333333 0.333333333333 0.333333333333 0.333333333333 0.666666666667 0.333333333333 1.0 0.333333333333 0.333333333333 0.666666666667
1299924 0.75 0.5 0.5 0.5 0.5 0.25 1.0 0.5 0.25 0.5
1306339 0.8 0.8 0.4 0.2 0.4 1.0 0.4 0.2 0.4 0.4
1313658 1.0 0.333333333333 0.333333333333 0.333333333333 0.666666666667 0.333333333333 0.333333333333 0.333333333333 0.333333333333 0.666666666667
1313982 0.5 0.375 0.125 0.125 0.25 0.125 0.5 1.0 0.125 0.25
1321264 1.0 0.4 0.4 0.4 0.2 0.2 0.4 0.2 0.2 0.4
1321321 1.0 0.2 0.2 0.6 0.4 0.2 0.2 0.2 0.2 0.4
1321348 1.0 0.5 0.5 0.5 1.0 0.5 1.0 0.5 0.5 1.0
1321931 1.0 0.2 0.2 0.2 0.4 0.2 0.4 0.2 0.2 0.4
1321942 1.0 0.2 0.2 0.2 0.4 0.2 0.6 0.2 0.2 0.4
1321942 1.0 0.2 0.2 0.2 0.4 0.2 0.6 0.2 0.2 0.4
1328331 0.333333333333 0.333333333333 0.333333333333 0.333333333333 0.666666666667 0.333333333333 1.0 0.333333333333 0.333333333333 0.666666666667
1328755 1.0 0.333333333333 0.333333333333 0.333333333333 0.666666666667 0.333333333333 0.666666666667 0.333333333333 0.333333333333 0.666666666667
1331405 1.0 0.25 0.25 0.25 0.5 0.25 0.75 0.5 0.25 0.5
1331412 0.5 0.7 1.0 1.0 0.5 1.0 1.0 1.0 0.1 0.4
1333104 1.0 0.333333333333 0.666666666667 0.333333333333 0.666666666667 0.333333333333 1.0 0.333333333333 0.333333333333 0.666666666667
1334071 1.0 0.25 0.25 0.25 0.5 0.75 0.5 0.25 0.25 0.5
1343068 0.8 0.4 0.4 0.1 0.6 1.0 0.2 0.5 0.2 0.4
1343374 1.0 1.0 0.8 1.0 0.6 0.5 1.0 0.3 0.1 0.4
1344121 0.8 1.0 0.4 0.4 0.8 1.0 0.8 0.2 0.1 0.4
142932 0.7 0.6 1.0 0.5 0.3 1.0 0.9 1.0 0.2 0.4
183936 1.0 0.333333333333 0.333333333333 0.333333333333 0.666666666667 0.333333333333 0.666666666667 0.333333333333 0.333333333333 0.666666666667
324382 0.5 0.5 0.5 0.5 1.0 0.5 1.0 0.5 0.5 1.0
378275 1.0 0.9 0.7 0.3 0.4 0.2 0.7 0.7 0.1 0.4
385103 1.0 0.2 0.4 0.2 0.4 0.2 0.6 0.2 0.2 0.4
690557 1.0 0.2 0.2 0.2 0.4 0.2 0.4 0.2 0.2 0.4
695091 0.5 0.5 0.5 0.5 1.0 0.5 1.0 0.5 0.5 1.0
695219 0.5 0.5 0.5 0.5 1.0 0.5 1.0 0.5 0.5 1.0
824249 0.333333333333 0.333333333333 0.333333333333 0.333333333333 0.666666666667 0.333333333333 1.0 0.333333333333 0.333333333333 0.666666666667
871549 1.0 0.2 0.4 0.2 0.4 0.2 0.4 0.2 0.2 0.4
878358 0.5 0.7 1.0 0.6 0.5 1.0 0.7 0.5 0.1 0.4
1107684 0.6 1.0 0.5 0.5 0.4 1.0 0.6 1.0 0.1 0.4
1115762 1.0 0.333333333333 0.333333333333 0.333333333333 0.666666666667 0.333333333333 0.333333333333 0.333333333333 0.333333333333 0.666666666667
1217717 0.833333333333 0.166666666667 0.166666666667 1.0 0.5 0.166666666667 0.166666666667 0.166666666667 0.166666666667 0.333333333333
1239420 0.5 0.5 0.5 0.5 1.0 0.5 0.5 0.5 0.5 1.0
1254538 0.8 1.0 1.0 1.0 0.6 1.0 1.0 1.0 0.1 0.4
1261751 1.0 0.2 0.2 0.2 0.4 0.2 0.4 0.4 0.2 0.4
1268275 1.0 0.888888888889 0.888888888889 1.0 0.666666666667 0.333333333333 0.444444444444 0.111111111111 0.111111111111 0.444444444444
1272166 1.0 0.2 0.2 0.2 0.4 0.2 0.2 0.2 0.2 0.4
1294261 0.4 1.0 0.8 0.5 0.4 0.1 1.0 0.1 0.1 0.4
1295529 0.2 0.5 0.7 0.6 0.4 1.0 0.7 0.6 0.1 0.4
1298484 1.0 0.3 0.4 0.5 0.3 1.0 0.4 0.1 0.1 0.4
1311875 1.0 0.2 0.4 0.2 0.4 0.2 0.2 0.2 0.2 0.4
1315506 0.4 0.8 0.6 0.3 0.4 1.0 0.7 0.1 0.1 0.4
1320141 1.0 0.2 0.2 0.2 0.4 0.2 0.4 0.2 0.2 0.4
1325309 1.0 0.25 0.5 0.25 0.5 0.25 0.5 0.25 0.25 0.5
1333063 1.0 0.2 0.6 0.2 0.4 0.2 0.6 0.2 0.2 0.4
1333495 1.0 0.333333333333 0.333333333333 0.333333333333 0.666666666667 0.333333333333 0.666666666667 0.333333333333 0.333333333333 0.666666666667
1334659 1.0 0.4 0.8 0.2 0.2 0.2 0.2 0.2 0.2 0.4
1336798 1.0 0.333333333333 0.333333333333 0.333333333333 0.666666666667 0.333333333333 0.666666666667 0.333333333333 0.333333333333 0.666666666667
1344449 0.5 0.5 0.5 0.5 0.5 0.5 1.0 0.5 0.5 1.0
1350568 1.0 0.25 0.25 0.25 0.5 0.25 0.5 0.25 0.25 0.5
1352663 0.5 0.4 0.6 0.8 0.4 0.1 0.8 1.0 0.1 0.4
188336 0.5 0.3 0.2 0.8 0.5 1.0 0.8 0.1 0.2 0.4
352431 1.0 0.5 1.0 0.3 0.5 0.8 0.7 0.8 0.3 0.4
353098 1.0 0.25 0.25 0.5 0.5 0.25 0.25 0.25 0.25 0.5
411453 0.5 0.5 0.5 0.5 1.0 0.5 0.5 0.5 0.5 1.0
557583 0.5 1.0 1.0 1.0 1.0 1.0 1.0 0.1 0.1 0.4
636375 1.0 0.2 0.2 0.2 0.4 0.2 0.2 0.2 0.2 0.4
736150 1.0 0.4 0.3 1.0 0.3 1.0 0.7 0.1 0.2 0.4
803531 0.5 1.0 1.0 1.0 0.5 0.2 0.8 0.5 0.1 0.4
822829 0.8 1.0 1.0 1.0 0.6 1.0 1.0 1.0 1.0 0.4
1016634 0.666666666667 1.0 0.333333333333 0.333333333333 0.666666666667 0.333333333333 0.666666666667 0.333333333333 0.333333333333 0.666666666667
1031608 1.0 0.5 0.5 0.5 0.5 0.5 1.0 0.5 0.5 1.0
1041043 1.0 0.25 0.75 0.25 0.5 0.25 0.5 0.25 0.25 0.5
1042252 1.0 0.333333333333 0.333333333333 0.333333333333 0.666666666667 0.333333333333 0.666666666667 0.333333333333 0.333333333333 0.666666666667
1057067 0.015873015873 0.015873015873 0.015873015873 0.015873015873 0.015873015873 1.0 0.015873015873 0.015873015873 0.015873015873 0.031746031746
1061990 1.0 0.25 0.25 0.25 0.5 0.25 0.5 0.25 0.25 0.5
1073836 1.0 0.2 0.2 0.2 0.4 0.2 0.4 0.2 0.2 0.4
1083817 1.0 0.333333333333 0.333333333333 0.333333333333 0.666666666667 0.333333333333 0.666666666667 0.333333333333 0.333333333333 0.666666666667
1096352 1.0 0.5 0.5 0.5 0.5 0.333333333333 1.0 0.166666666667 0.166666666667 0.333333333333
1140597 1.0 0.142857142857 0.285714285714 0.428571428571 0.285714285714 0.142857142857 0.285714285714 0.142857142857 0.142857142857 0.285714285714
1149548 0.5 0.5 0.5 0.5 1.0 0.5 0.5 0.5 0.5 1.0
1174009 1.0 0.2 0.2 0.4 0.2 0.2 0.4 0.2 0.2 0.4
1183596 0.75 0.25 0.75 0.25 0.75 1.0 0.25 0.25 0.25 0.5
1190386 0.571428571429 0.857142857143 0.857142857143 0.714285714286 1.0 0.857142857143 1.0 1.0 0.428571428571 0.571428571429
1190546 0.4 0.2 0.2 0.2 0.4 1.0 0.2 0.2 0.2 0.4
1213273 1.0 0.5 0.5 0.5 1.0 0.5 0.5 0.5 0.5 1.0
1218982 1.0 0.25 0.25 0.25 0.5 0.25 0.25 0.25 0.25 0.5
1225382 1.0 0.333333333333 0.5 0.166666666667 0.333333333333 0.166666666667 0.166666666667 0.166666666667 0.166666666667 0.333333333333
1235807 1.0 0.2 0.2 0.2 0.4 0.2 0.4 0.2 0.2 0.4
1238777 0.5 0.5 0.5 0.5 1.0 0.5 0.5 0.5 0.5 1.0
1253955 0.8 0.7 0.4 0.4 0.5 0.3 0.5 1.0 0.1 0.4
1257366 1.0 0.333333333333 0.333333333333 0.333333333333 0.666666666667 0.333333333333 0.333333333333 0.333333333333 0.333333333333 0.666666666667
1260659 0.75 0.25 1.0 0.25 0.5 0.25 0.25 0.25 0.25 0.5
1268952 1.0 1.0 0.7 0.8 0.7 0.1 1.0 1.0 0.3 0.4
1275807 1.0 0.5 1.0 0.75 0.5 0.5 0.5 0.25 0.25 0.5
1277792 1.0 0.25 0.25 0.25 0.5 0.25 0.25 0.25 0.25 0.5
1277792 1.0 0.2 0.2 0.6 0.4 0.2 0.2 0.2 0.2 0.4
1285722 1.0 0.25 0.25 0.75 0.5 0.25 0.25 0.25 0.25 0.5
1288608 1.0 0.333333333333 0.333333333333 0.333333333333 0.666666666667 0.333333333333 0.666666666667 0.333333333333 0.333333333333 0.666666666667
1290203 1.0 0.333333333333 0.333333333333 0.333333333333 0.666666666667 0.333333333333 0.666666666667 0.333333333333 0.333333333333 0.666666666667
1294413 0.5 0.5 0.5 0.5 1.0 0.5 0.5 0.5 0.5 1.0
1299596 1.0 0.5 0.5 0.5 1.0 0.5 0.5 0.5 0.5 1.0
1303489 1.0 0.333333333333 0.333333333333 0.333333333333 0.666666666667 0.333333333333 0.666666666667 0.333333333333 0.333333333333 0.666666666667
1311033 0.5 1.0 1.0 0.5 1.0 0.5 0.5 0.5 0.5 1.0
1311108 0.333333333333 0.333333333333 0.333333333333 1.0 0.666666666667 0.333333333333 0.333333333333 0.333333333333 0.333333333333 0.666666666667
1315807 0.5 1.0 1.0 1.0 1.0 0.2 1.0 1.0 1.0 0.4
1318671 1.0 0.333333333333 0.333333333333 0.333333333333 0.666666666667 0.333333333333 0.666666666667 0.333333333333 0.333333333333 0.666666666667
1319609 0.75 0.25 0.25 0.5 0.75 1.0 0.25 0.25 0.25 0.5
1323477 0.333333333333 0.666666666667 0.333333333333 1.0 0.666666666667 0.333333333333 0.666666666667 0.333333333333 0.333333333333 0.666666666667
1324572 1.0 0.2 0.2 0.2 0.4 0.2 0.4 0.4 0.2 0.4
1324681 1.0 0.25 0.25 0.25 0.5 0.25 0.5 0.25 0.25 0.5
1325159 1.0 0.333333333333 0.333333333333 0.333333333333 0.666666666667 0.333333333333 1.0 0.333333333333 0.333333333333 0.666666666667
1326892 1.0 0.333333333333 0.333333333333 0.333333333333 0.666666666667 0.333333333333 0.666666666667 0.333333333333 0.333333333333 0.666666666667
1330361 1.0 0.2 0.2 0.2 0.4 0.2 0.4 0.2 0.2 0.4
1333877 0.625 0.5 0.625 0.125 1.0 0.125 0.375 0.75 0.125 0.25
1334015 0.7 0.8 0.8 0.7 0.3 1.0 0.7 0.2 0.3 0.4
1334667 0.5 0.5 0.5 0.5 1.0 0.5 0.5 0.5 0.5 1.0
1339781 0.5 0.5 0.5 0.5 1.0 0.5 1.0 0.5 0.5 1.0
1339781 1.0 0.25 0.25 0.25 0.5 0.25 0.75 0.25 0.25 0.5
13454352 0.333333333333 0.333333333333 1.0 0.333333333333 0.666666666667 0.333333333333 0.666666666667 0.333333333333 0.333333333333 0.666666666667
1345452 0.333333333333 0.333333333333 1.0 0.333333333333 0.666666666667 0.333333333333 0.666666666667 0.333333333333 0.333333333333 0.666666666667
1345593 1.0 0.333333333333 0.333333333333 1.0 0.666666666667 0.333333333333 0.666666666667 0.333333333333 0.333333333333 0.666666666667
1347749 0.5 0.5 0.5 0.5 1.0 0.5 0.5 0.5 0.5 1.0
1347943 1.0 0.4 0.4 0.4 0.4 0.2 0.2 0.2 0.4 0.4
1348851 1.0 0.333333333333 0.333333333333 0.333333333333 0.666666666667 0.333333333333 1.0 0.333333333333 0.333333333333 0.666666666667
1350319 0.5 0.7 0.4 0.1 0.6 0.1 0.7 1.0 0.3 0.4
1350423 0.5 1.0 1.0 0.8 0.5 0.5 0.7 1.0 0.1 0.4
1352848 0.3 1.0 0.7 0.8 0.5 0.8 0.7 0.4 0.1 0.4
1353092 1.0 0.666666666667 0.333333333333 0.666666666667 0.666666666667 0.333333333333 1.0 0.333333333333 0.333333333333 0.666666666667
1354840 0.666666666667 0.333333333333 0.333333333333 0.333333333333 0.666666666667 0.333333333333 1.0 0.333333333333 0.333333333333 0.666666666667
1354840 1.0 0.6 0.4 0.2 0.6 0.2 0.2 0.2 0.2 0.4
1355260 0.5 0.5 0.5 0.5 1.0 0.5 1.0 0.5 0.5 1.0
1365075 1.0 0.25 1.0 0.25 0.5 0.25 0.25 0.25 0.25 0.5
1365328 0.5 0.5 1.0 0.5 1.0 0.5 1.0 0.5 0.5 1.0
1368267 1.0 0.2 0.2 0.2 0.4 0.2 0.2 0.2 0.2 0.4
1368273 0.5 0.5 0.5 0.5 1.0 0.5 0.5 0.5 0.5 1.0
1368882 1.0 0.5 0.5 0.5 1.0 0.5 0.5 0.5 0.5 1.0
1369821 1.0 1.0 1.0 1.0 0.5 1.0 1.0 1.0 0.7 0.4
1371026 0.5 1.0 1.0 1.0 0.4 1.0 0.5 0.6 0.3 0.4
1371920 1.0 0.2 0.2 0.2 0.4 0.2 0.6 0.4 0.2 0.4
466906 0.5 0.5 0.5 0.5 1.0 0.5 0.5 0.5 0.5 1.0
466906 0.5 0.5 0.5 0.5 1.0 0.5 0.5 0.5 0.5 1.0
534555 0.5 0.5 0.5 0.5 1.0 0.5 0.5 0.5 0.5 1.0
536708 0.5 0.5 0.5 0.5 1.0 0.5 0.5 0.5 0.5 1.0
566346 1.0 0.333333333333 0.333333333333 0.333333333333 0.666666666667 0.333333333333 0.666666666667 1.0 0.333333333333 0.666666666667
603148 1.0 0.25 0.25 0.25 0.5 0.25 0.25 0.25 0.25 0.5
654546 0.125 0.125 0.125 0.125 0.25 0.125 0.125 0.125 1.0 0.25
654546 0.333333333333 0.333333333333 0.333333333333 1.0 0.666666666667 0.333333333333 0.333333333333 0.333333333333 0.333333333333 0.666666666667
695091 0.5 1.0 1.0 0.5 0.4 0.5 0.4 0.4 0.1 0.4
714039 1.0 0.333333333333 0.333333333333 0.333333333333 0.666666666667 0.333333333333 0.333333333333 0.333333333333 0.333333333333 0.666666666667
763235 1.0 0.333333333333 0.333333333333 0.333333333333 0.666666666667 0.333333333333 0.666666666667 0.333333333333 0.666666666667 0.666666666667
776715 1.0 0.333333333333 0.333333333333 0.333333333333 1.0 0.666666666667 0.333333333333 0.333333333333 0.333333333333 0.666666666667
841769 1.0 0.5 0.5 0.5 1.0 0.5 0.5 0.5 0.5 1.0
888820 0.5 1.0 1.0 0.3 0.7 0.3 0.8 1.0 0.2 0.4
897471 0.4 0.8 0.6 0.4 0.3 0.4 1.0 0.6 0.1 0.4
897471 0.4 0.8 0.8 0.5 0.4 0.5 1.0 0.4 0.1 0.4
